/*--------------------------------*- C++ -*----------------------------------*\
  =========                 |
  \\      /  F ield         | OpenFOAM: The Open Source CFD Toolbox
   \\    /   O peration     | Website:  https://openfoam.org
    \\  /    A nd           | Version:  8
     \\/     M anipulation  |
\*---------------------------------------------------------------------------*/
FoamFile
{
    version     2.0;
    format      ascii;
    class       faceList;
    location    "constant/polyMesh";
    object      faces;
}
// * * * * * * * * * * * * * * * * * * * * * * * * * * * * * * * * * * * * * //


4070
(
4(1 37 793 757)
4(36 792 793 37)
4(2 38 794 758)
4(37 793 794 38)
4(3 39 795 759)
4(38 794 795 39)
4(4 40 796 760)
4(39 795 796 40)
4(5 41 797 761)
4(40 796 797 41)
4(6 42 798 762)
4(41 797 798 42)
4(7 43 799 763)
4(42 798 799 43)
4(8 44 800 764)
4(43 799 800 44)
4(9 45 801 765)
4(44 800 801 45)
4(10 46 802 766)
4(45 801 802 46)
4(11 47 803 767)
4(46 802 803 47)
4(12 48 804 768)
4(47 803 804 48)
4(13 49 805 769)
4(48 804 805 49)
4(14 50 806 770)
4(49 805 806 50)
4(15 51 807 771)
4(50 806 807 51)
4(16 52 808 772)
4(51 807 808 52)
4(17 53 809 773)
4(52 808 809 53)
4(18 54 810 774)
4(53 809 810 54)
4(19 55 811 775)
4(54 810 811 55)
4(20 56 812 776)
4(55 811 812 56)
4(21 57 813 777)
4(56 812 813 57)
4(22 58 814 778)
4(57 813 814 58)
4(23 59 815 779)
4(58 814 815 59)
4(24 60 816 780)
4(59 815 816 60)
4(25 61 817 781)
4(60 816 817 61)
4(26 62 818 782)
4(61 817 818 62)
4(27 63 819 783)
4(62 818 819 63)
4(28 64 820 784)
4(63 819 820 64)
4(29 65 821 785)
4(64 820 821 65)
4(30 66 822 786)
4(65 821 822 66)
4(31 67 823 787)
4(66 822 823 67)
4(32 68 824 788)
4(67 823 824 68)
4(33 69 825 789)
4(68 824 825 69)
4(34 70 826 790)
4(69 825 826 70)
4(70 826 827 71)
4(35 71 827 791)
4(37 73 829 793)
4(72 828 829 73)
4(38 74 830 794)
4(73 829 830 74)
4(39 75 831 795)
4(74 830 831 75)
4(40 76 832 796)
4(75 831 832 76)
4(41 77 833 797)
4(76 832 833 77)
4(42 78 834 798)
4(77 833 834 78)
4(43 79 835 799)
4(78 834 835 79)
4(44 80 836 800)
4(79 835 836 80)
4(45 81 837 801)
4(80 836 837 81)
4(46 82 838 802)
4(81 837 838 82)
4(47 83 839 803)
4(82 838 839 83)
4(48 84 840 804)
4(83 839 840 84)
4(49 85 841 805)
4(84 840 841 85)
4(50 86 842 806)
4(85 841 842 86)
4(51 87 843 807)
4(86 842 843 87)
4(52 88 844 808)
4(87 843 844 88)
4(53 89 845 809)
4(88 844 845 89)
4(54 90 846 810)
4(89 845 846 90)
4(55 91 847 811)
4(90 846 847 91)
4(56 92 848 812)
4(91 847 848 92)
4(57 93 849 813)
4(92 848 849 93)
4(58 94 850 814)
4(93 849 850 94)
4(59 95 851 815)
4(94 850 851 95)
4(60 96 852 816)
4(95 851 852 96)
4(61 97 853 817)
4(96 852 853 97)
4(62 98 854 818)
4(97 853 854 98)
4(63 99 855 819)
4(98 854 855 99)
4(64 100 856 820)
4(99 855 856 100)
4(65 101 857 821)
4(100 856 857 101)
4(66 102 858 822)
4(101 857 858 102)
4(67 103 859 823)
4(102 858 859 103)
4(68 104 860 824)
4(103 859 860 104)
4(69 105 861 825)
4(104 860 861 105)
4(70 106 862 826)
4(105 861 862 106)
4(106 862 863 107)
4(71 107 863 827)
4(73 109 865 829)
4(108 864 865 109)
4(74 110 866 830)
4(109 865 866 110)
4(75 111 867 831)
4(110 866 867 111)
4(76 112 868 832)
4(111 867 868 112)
4(77 113 869 833)
4(112 868 869 113)
4(78 114 870 834)
4(113 869 870 114)
4(79 115 871 835)
4(114 870 871 115)
4(80 116 872 836)
4(115 871 872 116)
4(81 117 873 837)
4(116 872 873 117)
4(82 118 874 838)
4(117 873 874 118)
4(83 119 875 839)
4(118 874 875 119)
4(84 120 876 840)
4(119 875 876 120)
4(85 121 877 841)
4(120 876 877 121)
4(86 122 878 842)
4(121 877 878 122)
4(87 123 879 843)
4(122 878 879 123)
4(88 124 880 844)
4(123 879 880 124)
4(89 125 881 845)
4(124 880 881 125)
4(90 126 882 846)
4(125 881 882 126)
4(91 127 883 847)
4(126 882 883 127)
4(92 128 884 848)
4(127 883 884 128)
4(93 129 885 849)
4(128 884 885 129)
4(94 130 886 850)
4(129 885 886 130)
4(95 131 887 851)
4(130 886 887 131)
4(96 132 888 852)
4(131 887 888 132)
4(97 133 889 853)
4(132 888 889 133)
4(98 134 890 854)
4(133 889 890 134)
4(99 135 891 855)
4(134 890 891 135)
4(100 136 892 856)
4(135 891 892 136)
4(101 137 893 857)
4(136 892 893 137)
4(102 138 894 858)
4(137 893 894 138)
4(103 139 895 859)
4(138 894 895 139)
4(104 140 896 860)
4(139 895 896 140)
4(105 141 897 861)
4(140 896 897 141)
4(106 142 898 862)
4(141 897 898 142)
4(142 898 899 143)
4(107 143 899 863)
4(109 145 901 865)
4(144 900 901 145)
4(110 146 902 866)
4(145 901 902 146)
4(111 147 903 867)
4(146 902 903 147)
4(112 148 904 868)
4(147 903 904 148)
4(113 149 905 869)
4(148 904 905 149)
4(114 150 906 870)
4(149 905 906 150)
4(115 151 907 871)
4(150 906 907 151)
4(116 152 908 872)
4(151 907 908 152)
4(117 153 909 873)
4(152 908 909 153)
4(118 154 910 874)
4(153 909 910 154)
4(119 155 911 875)
4(154 910 911 155)
4(120 156 912 876)
4(155 911 912 156)
4(121 157 913 877)
4(156 912 913 157)
4(122 158 914 878)
4(157 913 914 158)
4(123 159 915 879)
4(158 914 915 159)
4(124 160 916 880)
4(159 915 916 160)
4(125 161 917 881)
4(160 916 917 161)
4(126 162 918 882)
4(161 917 918 162)
4(127 163 919 883)
4(162 918 919 163)
4(128 164 920 884)
4(163 919 920 164)
4(129 165 921 885)
4(164 920 921 165)
4(130 166 922 886)
4(165 921 922 166)
4(131 167 923 887)
4(166 922 923 167)
4(132 168 924 888)
4(167 923 924 168)
4(133 169 925 889)
4(168 924 925 169)
4(134 170 926 890)
4(169 925 926 170)
4(135 171 927 891)
4(170 926 927 171)
4(136 172 928 892)
4(171 927 928 172)
4(137 173 929 893)
4(172 928 929 173)
4(138 174 930 894)
4(173 929 930 174)
4(139 175 931 895)
4(174 930 931 175)
4(140 176 932 896)
4(175 931 932 176)
4(141 177 933 897)
4(176 932 933 177)
4(142 178 934 898)
4(177 933 934 178)
4(178 934 935 179)
4(143 179 935 899)
4(145 181 937 901)
4(180 936 937 181)
4(146 182 938 902)
4(181 937 938 182)
4(147 183 939 903)
4(182 938 939 183)
4(148 184 940 904)
4(183 939 940 184)
4(149 185 941 905)
4(184 940 941 185)
4(150 186 942 906)
4(185 941 942 186)
4(151 187 943 907)
4(186 942 943 187)
4(152 188 944 908)
4(187 943 944 188)
4(153 189 945 909)
4(188 944 945 189)
4(154 190 946 910)
4(189 945 946 190)
4(155 191 947 911)
4(190 946 947 191)
4(156 192 948 912)
4(191 947 948 192)
4(157 193 949 913)
4(192 948 949 193)
4(158 194 950 914)
4(193 949 950 194)
4(159 195 951 915)
4(194 950 951 195)
4(160 196 952 916)
4(195 951 952 196)
4(161 197 953 917)
4(196 952 953 197)
4(162 198 954 918)
4(197 953 954 198)
4(163 199 955 919)
4(198 954 955 199)
4(164 200 956 920)
4(199 955 956 200)
4(165 201 957 921)
4(200 956 957 201)
4(166 202 958 922)
4(201 957 958 202)
4(167 203 959 923)
4(202 958 959 203)
4(168 204 960 924)
4(203 959 960 204)
4(169 205 961 925)
4(204 960 961 205)
4(170 206 962 926)
4(205 961 962 206)
4(171 207 963 927)
4(206 962 963 207)
4(172 208 964 928)
4(207 963 964 208)
4(173 209 965 929)
4(208 964 965 209)
4(174 210 966 930)
4(209 965 966 210)
4(175 211 967 931)
4(210 966 967 211)
4(176 212 968 932)
4(211 967 968 212)
4(177 213 969 933)
4(212 968 969 213)
4(178 214 970 934)
4(213 969 970 214)
4(214 970 971 215)
4(179 215 971 935)
4(181 217 973 937)
4(216 972 973 217)
4(182 218 974 938)
4(217 973 974 218)
4(183 219 975 939)
4(218 974 975 219)
4(184 220 976 940)
4(219 975 976 220)
4(185 221 977 941)
4(220 976 977 221)
4(186 222 978 942)
4(221 977 978 222)
4(187 223 979 943)
4(222 978 979 223)
4(188 224 980 944)
4(223 979 980 224)
4(189 225 981 945)
4(224 980 981 225)
4(190 226 982 946)
4(225 981 982 226)
4(191 227 983 947)
4(226 982 983 227)
4(192 228 984 948)
4(227 983 984 228)
4(193 229 985 949)
4(228 984 985 229)
4(194 230 986 950)
4(229 985 986 230)
4(195 231 987 951)
4(230 986 987 231)
4(196 232 988 952)
4(231 987 988 232)
4(197 233 989 953)
4(232 988 989 233)
4(198 234 990 954)
4(233 989 990 234)
4(199 235 991 955)
4(234 990 991 235)
4(200 236 992 956)
4(235 991 992 236)
4(201 237 993 957)
4(236 992 993 237)
4(202 238 994 958)
4(237 993 994 238)
4(203 239 995 959)
4(238 994 995 239)
4(204 240 996 960)
4(239 995 996 240)
4(205 241 997 961)
4(240 996 997 241)
4(206 242 998 962)
4(241 997 998 242)
4(207 243 999 963)
4(242 998 999 243)
4(208 244 1000 964)
4(243 999 1000 244)
4(209 245 1001 965)
4(244 1000 1001 245)
4(210 246 1002 966)
4(245 1001 1002 246)
4(211 247 1003 967)
4(246 1002 1003 247)
4(212 248 1004 968)
4(247 1003 1004 248)
4(213 249 1005 969)
4(248 1004 1005 249)
4(214 250 1006 970)
4(249 1005 1006 250)
4(250 1006 1007 251)
4(215 251 1007 971)
4(217 253 1009 973)
4(252 1008 1009 253)
4(218 254 1010 974)
4(253 1009 1010 254)
4(219 255 1011 975)
4(254 1010 1011 255)
4(220 256 1012 976)
4(255 1011 1012 256)
4(221 257 1013 977)
4(256 1012 1013 257)
4(222 258 1014 978)
4(257 1013 1014 258)
4(223 259 1015 979)
4(258 1014 1015 259)
4(224 260 1016 980)
4(259 1015 1016 260)
4(225 261 1017 981)
4(260 1016 1017 261)
4(226 262 1018 982)
4(261 1017 1018 262)
4(227 263 1019 983)
4(262 1018 1019 263)
4(228 264 1020 984)
4(263 1019 1020 264)
4(229 265 1021 985)
4(264 1020 1021 265)
4(230 266 1022 986)
4(265 1021 1022 266)
4(231 267 1023 987)
4(266 1022 1023 267)
4(232 268 1024 988)
4(267 1023 1024 268)
4(233 269 1025 989)
4(268 1024 1025 269)
4(234 270 1026 990)
4(269 1025 1026 270)
4(235 271 1027 991)
4(270 1026 1027 271)
4(236 272 1028 992)
4(271 1027 1028 272)
4(237 273 1029 993)
4(272 1028 1029 273)
4(238 274 1030 994)
4(273 1029 1030 274)
4(239 275 1031 995)
4(274 1030 1031 275)
4(240 276 1032 996)
4(275 1031 1032 276)
4(241 277 1033 997)
4(276 1032 1033 277)
4(242 278 1034 998)
4(277 1033 1034 278)
4(243 279 1035 999)
4(278 1034 1035 279)
4(244 280 1036 1000)
4(279 1035 1036 280)
4(245 281 1037 1001)
4(280 1036 1037 281)
4(246 282 1038 1002)
4(281 1037 1038 282)
4(247 283 1039 1003)
4(282 1038 1039 283)
4(248 284 1040 1004)
4(283 1039 1040 284)
4(249 285 1041 1005)
4(284 1040 1041 285)
4(250 286 1042 1006)
4(285 1041 1042 286)
4(286 1042 1043 287)
4(251 287 1043 1007)
4(253 289 1045 1009)
4(288 1044 1045 289)
4(254 290 1046 1010)
4(289 1045 1046 290)
4(255 291 1047 1011)
4(290 1046 1047 291)
4(256 292 1048 1012)
4(291 1047 1048 292)
4(257 293 1049 1013)
4(292 1048 1049 293)
4(258 294 1050 1014)
4(293 1049 1050 294)
4(259 295 1051 1015)
4(294 1050 1051 295)
4(260 296 1052 1016)
4(295 1051 1052 296)
4(261 297 1053 1017)
4(296 1052 1053 297)
4(262 298 1054 1018)
4(297 1053 1054 298)
4(263 299 1055 1019)
4(298 1054 1055 299)
4(264 300 1056 1020)
4(299 1055 1056 300)
4(265 301 1057 1021)
4(300 1056 1057 301)
4(266 302 1058 1022)
4(301 1057 1058 302)
4(267 303 1059 1023)
4(302 1058 1059 303)
4(268 304 1060 1024)
4(303 1059 1060 304)
4(269 305 1061 1025)
4(304 1060 1061 305)
4(270 306 1062 1026)
4(305 1061 1062 306)
4(271 307 1063 1027)
4(306 1062 1063 307)
4(272 308 1064 1028)
4(307 1063 1064 308)
4(273 309 1065 1029)
4(308 1064 1065 309)
4(274 310 1066 1030)
4(309 1065 1066 310)
4(275 311 1067 1031)
4(310 1066 1067 311)
4(276 312 1068 1032)
4(311 1067 1068 312)
4(277 313 1069 1033)
4(312 1068 1069 313)
4(278 314 1070 1034)
4(313 1069 1070 314)
4(279 315 1071 1035)
4(314 1070 1071 315)
4(280 316 1072 1036)
4(315 1071 1072 316)
4(281 317 1073 1037)
4(316 1072 1073 317)
4(282 318 1074 1038)
4(317 1073 1074 318)
4(283 319 1075 1039)
4(318 1074 1075 319)
4(284 320 1076 1040)
4(319 1075 1076 320)
4(285 321 1077 1041)
4(320 1076 1077 321)
4(286 322 1078 1042)
4(321 1077 1078 322)
4(322 1078 1079 323)
4(287 323 1079 1043)
4(289 325 1081 1045)
4(324 1080 1081 325)
4(290 326 1082 1046)
4(325 1081 1082 326)
4(291 327 1083 1047)
4(326 1082 1083 327)
4(292 328 1084 1048)
4(327 1083 1084 328)
4(293 329 1085 1049)
4(328 1084 1085 329)
4(294 330 1086 1050)
4(329 1085 1086 330)
4(295 331 1087 1051)
4(330 1086 1087 331)
4(296 332 1088 1052)
4(331 1087 1088 332)
4(297 333 1089 1053)
4(332 1088 1089 333)
4(298 334 1090 1054)
4(333 1089 1090 334)
4(299 335 1091 1055)
4(334 1090 1091 335)
4(300 336 1092 1056)
4(335 1091 1092 336)
4(301 337 1093 1057)
4(336 1092 1093 337)
4(302 338 1094 1058)
4(337 1093 1094 338)
4(303 339 1095 1059)
4(338 1094 1095 339)
4(304 340 1096 1060)
4(339 1095 1096 340)
4(305 341 1097 1061)
4(340 1096 1097 341)
4(306 342 1098 1062)
4(341 1097 1098 342)
4(307 343 1099 1063)
4(342 1098 1099 343)
4(308 344 1100 1064)
4(343 1099 1100 344)
4(309 345 1101 1065)
4(344 1100 1101 345)
4(310 346 1102 1066)
4(345 1101 1102 346)
4(311 347 1103 1067)
4(346 1102 1103 347)
4(312 348 1104 1068)
4(347 1103 1104 348)
4(313 349 1105 1069)
4(348 1104 1105 349)
4(314 350 1106 1070)
4(349 1105 1106 350)
4(315 351 1107 1071)
4(350 1106 1107 351)
4(316 352 1108 1072)
4(351 1107 1108 352)
4(317 353 1109 1073)
4(352 1108 1109 353)
4(318 354 1110 1074)
4(353 1109 1110 354)
4(319 355 1111 1075)
4(354 1110 1111 355)
4(320 356 1112 1076)
4(355 1111 1112 356)
4(321 357 1113 1077)
4(356 1112 1113 357)
4(322 358 1114 1078)
4(357 1113 1114 358)
4(358 1114 1115 359)
4(323 359 1115 1079)
4(325 361 1117 1081)
4(360 1116 1117 361)
4(326 362 1118 1082)
4(361 1117 1118 362)
4(327 363 1119 1083)
4(362 1118 1119 363)
4(328 364 1120 1084)
4(363 1119 1120 364)
4(329 365 1121 1085)
4(364 1120 1121 365)
4(330 366 1122 1086)
4(365 1121 1122 366)
4(331 367 1123 1087)
4(366 1122 1123 367)
4(332 368 1124 1088)
4(367 1123 1124 368)
4(333 369 1125 1089)
4(368 1124 1125 369)
4(334 370 1126 1090)
4(369 1125 1126 370)
4(335 371 1127 1091)
4(370 1126 1127 371)
4(336 372 1128 1092)
4(371 1127 1128 372)
4(337 373 1129 1093)
4(372 1128 1129 373)
4(338 374 1130 1094)
4(373 1129 1130 374)
4(339 375 1131 1095)
4(374 1130 1131 375)
4(340 376 1132 1096)
4(375 1131 1132 376)
4(341 377 1133 1097)
4(376 1132 1133 377)
4(342 378 1134 1098)
4(377 1133 1134 378)
4(343 379 1135 1099)
4(378 1134 1135 379)
4(344 380 1136 1100)
4(379 1135 1136 380)
4(345 381 1137 1101)
4(380 1136 1137 381)
4(346 382 1138 1102)
4(381 1137 1138 382)
4(347 383 1139 1103)
4(382 1138 1139 383)
4(348 384 1140 1104)
4(383 1139 1140 384)
4(349 385 1141 1105)
4(384 1140 1141 385)
4(350 386 1142 1106)
4(385 1141 1142 386)
4(351 387 1143 1107)
4(386 1142 1143 387)
4(352 388 1144 1108)
4(387 1143 1144 388)
4(353 389 1145 1109)
4(388 1144 1145 389)
4(354 390 1146 1110)
4(389 1145 1146 390)
4(355 391 1147 1111)
4(390 1146 1147 391)
4(356 392 1148 1112)
4(391 1147 1148 392)
4(357 393 1149 1113)
4(392 1148 1149 393)
4(358 394 1150 1114)
4(393 1149 1150 394)
4(394 1150 1151 395)
4(359 395 1151 1115)
4(361 397 1153 1117)
4(396 1152 1153 397)
4(362 398 1154 1118)
4(397 1153 1154 398)
4(363 399 1155 1119)
4(398 1154 1155 399)
4(364 400 1156 1120)
4(399 1155 1156 400)
4(365 401 1157 1121)
4(400 1156 1157 401)
4(366 402 1158 1122)
4(401 1157 1158 402)
4(367 403 1159 1123)
4(402 1158 1159 403)
4(368 404 1160 1124)
4(403 1159 1160 404)
4(369 405 1161 1125)
4(404 1160 1161 405)
4(370 406 1162 1126)
4(405 1161 1162 406)
4(371 407 1163 1127)
4(406 1162 1163 407)
4(372 408 1164 1128)
4(407 1163 1164 408)
4(373 409 1165 1129)
4(408 1164 1165 409)
4(374 410 1166 1130)
4(409 1165 1166 410)
4(375 411 1167 1131)
4(410 1166 1167 411)
4(376 412 1168 1132)
4(411 1167 1168 412)
4(377 413 1169 1133)
4(412 1168 1169 413)
4(378 414 1170 1134)
4(413 1169 1170 414)
4(379 415 1171 1135)
4(414 1170 1171 415)
4(380 416 1172 1136)
4(415 1171 1172 416)
4(381 417 1173 1137)
4(416 1172 1173 417)
4(382 418 1174 1138)
4(417 1173 1174 418)
4(383 419 1175 1139)
4(418 1174 1175 419)
4(384 420 1176 1140)
4(419 1175 1176 420)
4(385 421 1177 1141)
4(420 1176 1177 421)
4(386 422 1178 1142)
4(421 1177 1178 422)
4(387 423 1179 1143)
4(422 1178 1179 423)
4(388 424 1180 1144)
4(423 1179 1180 424)
4(389 425 1181 1145)
4(424 1180 1181 425)
4(390 426 1182 1146)
4(425 1181 1182 426)
4(391 427 1183 1147)
4(426 1182 1183 427)
4(392 428 1184 1148)
4(427 1183 1184 428)
4(393 429 1185 1149)
4(428 1184 1185 429)
4(394 430 1186 1150)
4(429 1185 1186 430)
4(430 1186 1187 431)
4(395 431 1187 1151)
4(397 433 1189 1153)
4(432 1188 1189 433)
4(398 434 1190 1154)
4(433 1189 1190 434)
4(399 435 1191 1155)
4(434 1190 1191 435)
4(400 436 1192 1156)
4(435 1191 1192 436)
4(401 437 1193 1157)
4(436 1192 1193 437)
4(402 438 1194 1158)
4(437 1193 1194 438)
4(403 439 1195 1159)
4(438 1194 1195 439)
4(404 440 1196 1160)
4(439 1195 1196 440)
4(405 441 1197 1161)
4(440 1196 1197 441)
4(406 442 1198 1162)
4(441 1197 1198 442)
4(407 443 1199 1163)
4(442 1198 1199 443)
4(408 444 1200 1164)
4(443 1199 1200 444)
4(409 445 1201 1165)
4(444 1200 1201 445)
4(410 446 1202 1166)
4(445 1201 1202 446)
4(411 447 1203 1167)
4(446 1202 1203 447)
4(412 448 1204 1168)
4(447 1203 1204 448)
4(413 449 1205 1169)
4(448 1204 1205 449)
4(414 450 1206 1170)
4(449 1205 1206 450)
4(415 451 1207 1171)
4(450 1206 1207 451)
4(416 452 1208 1172)
4(451 1207 1208 452)
4(417 453 1209 1173)
4(452 1208 1209 453)
4(418 454 1210 1174)
4(453 1209 1210 454)
4(419 455 1211 1175)
4(454 1210 1211 455)
4(420 456 1212 1176)
4(455 1211 1212 456)
4(421 457 1213 1177)
4(456 1212 1213 457)
4(422 458 1214 1178)
4(457 1213 1214 458)
4(423 459 1215 1179)
4(458 1214 1215 459)
4(424 460 1216 1180)
4(459 1215 1216 460)
4(425 461 1217 1181)
4(460 1216 1217 461)
4(426 462 1218 1182)
4(461 1217 1218 462)
4(427 463 1219 1183)
4(462 1218 1219 463)
4(428 464 1220 1184)
4(463 1219 1220 464)
4(429 465 1221 1185)
4(464 1220 1221 465)
4(430 466 1222 1186)
4(465 1221 1222 466)
4(466 1222 1223 467)
4(431 467 1223 1187)
4(433 469 1225 1189)
4(468 1224 1225 469)
4(434 470 1226 1190)
4(469 1225 1226 470)
4(435 471 1227 1191)
4(470 1226 1227 471)
4(436 472 1228 1192)
4(471 1227 1228 472)
4(437 473 1229 1193)
4(472 1228 1229 473)
4(438 474 1230 1194)
4(473 1229 1230 474)
4(439 475 1231 1195)
4(474 1230 1231 475)
4(440 476 1232 1196)
4(475 1231 1232 476)
4(441 477 1233 1197)
4(476 1232 1233 477)
4(442 478 1234 1198)
4(477 1233 1234 478)
4(443 479 1235 1199)
4(478 1234 1235 479)
4(444 480 1236 1200)
4(479 1235 1236 480)
4(445 481 1237 1201)
4(480 1236 1237 481)
4(446 482 1238 1202)
4(481 1237 1238 482)
4(447 483 1239 1203)
4(482 1238 1239 483)
4(448 484 1240 1204)
4(483 1239 1240 484)
4(449 485 1241 1205)
4(484 1240 1241 485)
4(450 486 1242 1206)
4(485 1241 1242 486)
4(451 487 1243 1207)
4(486 1242 1243 487)
4(452 488 1244 1208)
4(487 1243 1244 488)
4(453 489 1245 1209)
4(488 1244 1245 489)
4(454 490 1246 1210)
4(489 1245 1246 490)
4(455 491 1247 1211)
4(490 1246 1247 491)
4(456 492 1248 1212)
4(491 1247 1248 492)
4(457 493 1249 1213)
4(492 1248 1249 493)
4(458 494 1250 1214)
4(493 1249 1250 494)
4(459 495 1251 1215)
4(494 1250 1251 495)
4(460 496 1252 1216)
4(495 1251 1252 496)
4(461 497 1253 1217)
4(496 1252 1253 497)
4(462 498 1254 1218)
4(497 1253 1254 498)
4(463 499 1255 1219)
4(498 1254 1255 499)
4(464 500 1256 1220)
4(499 1255 1256 500)
4(465 501 1257 1221)
4(500 1256 1257 501)
4(466 502 1258 1222)
4(501 1257 1258 502)
4(502 1258 1259 503)
4(467 503 1259 1223)
4(469 505 1261 1225)
4(504 1260 1261 505)
4(470 506 1262 1226)
4(505 1261 1262 506)
4(471 507 1263 1227)
4(506 1262 1263 507)
4(472 508 1264 1228)
4(507 1263 1264 508)
4(473 509 1265 1229)
4(508 1264 1265 509)
4(474 510 1266 1230)
4(509 1265 1266 510)
4(475 511 1267 1231)
4(510 1266 1267 511)
4(476 512 1268 1232)
4(511 1267 1268 512)
4(477 513 1269 1233)
4(512 1268 1269 513)
4(478 514 1270 1234)
4(513 1269 1270 514)
4(479 515 1271 1235)
4(514 1270 1271 515)
4(480 516 1272 1236)
4(515 1271 1272 516)
4(481 517 1273 1237)
4(516 1272 1273 517)
4(482 518 1274 1238)
4(517 1273 1274 518)
4(483 519 1275 1239)
4(518 1274 1275 519)
4(484 520 1276 1240)
4(519 1275 1276 520)
4(485 521 1277 1241)
4(520 1276 1277 521)
4(486 522 1278 1242)
4(521 1277 1278 522)
4(487 523 1279 1243)
4(522 1278 1279 523)
4(488 524 1280 1244)
4(523 1279 1280 524)
4(489 525 1281 1245)
4(524 1280 1281 525)
4(490 526 1282 1246)
4(525 1281 1282 526)
4(491 527 1283 1247)
4(526 1282 1283 527)
4(492 528 1284 1248)
4(527 1283 1284 528)
4(493 529 1285 1249)
4(528 1284 1285 529)
4(494 530 1286 1250)
4(529 1285 1286 530)
4(495 531 1287 1251)
4(530 1286 1287 531)
4(496 532 1288 1252)
4(531 1287 1288 532)
4(497 533 1289 1253)
4(532 1288 1289 533)
4(498 534 1290 1254)
4(533 1289 1290 534)
4(499 535 1291 1255)
4(534 1290 1291 535)
4(500 536 1292 1256)
4(535 1291 1292 536)
4(501 537 1293 1257)
4(536 1292 1293 537)
4(502 538 1294 1258)
4(537 1293 1294 538)
4(538 1294 1295 539)
4(503 539 1295 1259)
4(505 541 1297 1261)
4(540 1296 1297 541)
4(506 542 1298 1262)
4(541 1297 1298 542)
4(507 543 1299 1263)
4(542 1298 1299 543)
4(508 544 1300 1264)
4(543 1299 1300 544)
4(509 545 1301 1265)
4(544 1300 1301 545)
4(510 546 1302 1266)
4(545 1301 1302 546)
4(511 547 1303 1267)
4(546 1302 1303 547)
4(512 548 1304 1268)
4(547 1303 1304 548)
4(513 549 1305 1269)
4(548 1304 1305 549)
4(514 550 1306 1270)
4(549 1305 1306 550)
4(515 551 1307 1271)
4(550 1306 1307 551)
4(516 552 1308 1272)
4(551 1307 1308 552)
4(517 553 1309 1273)
4(552 1308 1309 553)
4(518 554 1310 1274)
4(553 1309 1310 554)
4(519 555 1311 1275)
4(554 1310 1311 555)
4(520 556 1312 1276)
4(555 1311 1312 556)
4(521 557 1313 1277)
4(556 1312 1313 557)
4(522 558 1314 1278)
4(557 1313 1314 558)
4(523 559 1315 1279)
4(558 1314 1315 559)
4(524 560 1316 1280)
4(559 1315 1316 560)
4(525 561 1317 1281)
4(560 1316 1317 561)
4(526 562 1318 1282)
4(561 1317 1318 562)
4(527 563 1319 1283)
4(562 1318 1319 563)
4(528 564 1320 1284)
4(563 1319 1320 564)
4(529 565 1321 1285)
4(564 1320 1321 565)
4(530 566 1322 1286)
4(565 1321 1322 566)
4(531 567 1323 1287)
4(566 1322 1323 567)
4(532 568 1324 1288)
4(567 1323 1324 568)
4(533 569 1325 1289)
4(568 1324 1325 569)
4(534 570 1326 1290)
4(569 1325 1326 570)
4(535 571 1327 1291)
4(570 1326 1327 571)
4(536 572 1328 1292)
4(571 1327 1328 572)
4(537 573 1329 1293)
4(572 1328 1329 573)
4(538 574 1330 1294)
4(573 1329 1330 574)
4(574 1330 1331 575)
4(539 575 1331 1295)
4(541 577 1333 1297)
4(576 1332 1333 577)
4(542 578 1334 1298)
4(577 1333 1334 578)
4(543 579 1335 1299)
4(578 1334 1335 579)
4(544 580 1336 1300)
4(579 1335 1336 580)
4(545 581 1337 1301)
4(580 1336 1337 581)
4(546 582 1338 1302)
4(581 1337 1338 582)
4(547 583 1339 1303)
4(582 1338 1339 583)
4(548 584 1340 1304)
4(583 1339 1340 584)
4(549 585 1341 1305)
4(584 1340 1341 585)
4(550 586 1342 1306)
4(585 1341 1342 586)
4(551 587 1343 1307)
4(586 1342 1343 587)
4(552 588 1344 1308)
4(587 1343 1344 588)
4(553 589 1345 1309)
4(588 1344 1345 589)
4(554 590 1346 1310)
4(589 1345 1346 590)
4(555 591 1347 1311)
4(590 1346 1347 591)
4(556 592 1348 1312)
4(591 1347 1348 592)
4(557 593 1349 1313)
4(592 1348 1349 593)
4(558 594 1350 1314)
4(593 1349 1350 594)
4(559 595 1351 1315)
4(594 1350 1351 595)
4(560 596 1352 1316)
4(595 1351 1352 596)
4(561 597 1353 1317)
4(596 1352 1353 597)
4(562 598 1354 1318)
4(597 1353 1354 598)
4(563 599 1355 1319)
4(598 1354 1355 599)
4(564 600 1356 1320)
4(599 1355 1356 600)
4(565 601 1357 1321)
4(600 1356 1357 601)
4(566 602 1358 1322)
4(601 1357 1358 602)
4(567 603 1359 1323)
4(602 1358 1359 603)
4(568 604 1360 1324)
4(603 1359 1360 604)
4(569 605 1361 1325)
4(604 1360 1361 605)
4(570 606 1362 1326)
4(605 1361 1362 606)
4(571 607 1363 1327)
4(606 1362 1363 607)
4(572 608 1364 1328)
4(607 1363 1364 608)
4(573 609 1365 1329)
4(608 1364 1365 609)
4(574 610 1366 1330)
4(609 1365 1366 610)
4(610 1366 1367 611)
4(575 611 1367 1331)
4(577 613 1369 1333)
4(612 1368 1369 613)
4(578 614 1370 1334)
4(613 1369 1370 614)
4(579 615 1371 1335)
4(614 1370 1371 615)
4(580 616 1372 1336)
4(615 1371 1372 616)
4(581 617 1373 1337)
4(616 1372 1373 617)
4(582 618 1374 1338)
4(617 1373 1374 618)
4(583 619 1375 1339)
4(618 1374 1375 619)
4(584 620 1376 1340)
4(619 1375 1376 620)
4(585 621 1377 1341)
4(620 1376 1377 621)
4(586 622 1378 1342)
4(621 1377 1378 622)
4(587 623 1379 1343)
4(622 1378 1379 623)
4(588 624 1380 1344)
4(623 1379 1380 624)
4(589 625 1381 1345)
4(624 1380 1381 625)
4(590 626 1382 1346)
4(625 1381 1382 626)
4(591 627 1383 1347)
4(626 1382 1383 627)
4(592 628 1384 1348)
4(627 1383 1384 628)
4(593 629 1385 1349)
4(628 1384 1385 629)
4(594 630 1386 1350)
4(629 1385 1386 630)
4(595 631 1387 1351)
4(630 1386 1387 631)
4(596 632 1388 1352)
4(631 1387 1388 632)
4(597 633 1389 1353)
4(632 1388 1389 633)
4(598 634 1390 1354)
4(633 1389 1390 634)
4(599 635 1391 1355)
4(634 1390 1391 635)
4(600 636 1392 1356)
4(635 1391 1392 636)
4(601 637 1393 1357)
4(636 1392 1393 637)
4(602 638 1394 1358)
4(637 1393 1394 638)
4(603 639 1395 1359)
4(638 1394 1395 639)
4(604 640 1396 1360)
4(639 1395 1396 640)
4(605 641 1397 1361)
4(640 1396 1397 641)
4(606 642 1398 1362)
4(641 1397 1398 642)
4(607 643 1399 1363)
4(642 1398 1399 643)
4(608 644 1400 1364)
4(643 1399 1400 644)
4(609 645 1401 1365)
4(644 1400 1401 645)
4(610 646 1402 1366)
4(645 1401 1402 646)
4(646 1402 1403 647)
4(611 647 1403 1367)
4(613 649 1405 1369)
4(648 1404 1405 649)
4(614 650 1406 1370)
4(649 1405 1406 650)
4(615 651 1407 1371)
4(650 1406 1407 651)
4(616 652 1408 1372)
4(651 1407 1408 652)
4(617 653 1409 1373)
4(652 1408 1409 653)
4(618 654 1410 1374)
4(653 1409 1410 654)
4(619 655 1411 1375)
4(654 1410 1411 655)
4(620 656 1412 1376)
4(655 1411 1412 656)
4(621 657 1413 1377)
4(656 1412 1413 657)
4(622 658 1414 1378)
4(657 1413 1414 658)
4(623 659 1415 1379)
4(658 1414 1415 659)
4(624 660 1416 1380)
4(659 1415 1416 660)
4(625 661 1417 1381)
4(660 1416 1417 661)
4(626 662 1418 1382)
4(661 1417 1418 662)
4(627 663 1419 1383)
4(662 1418 1419 663)
4(628 664 1420 1384)
4(663 1419 1420 664)
4(629 665 1421 1385)
4(664 1420 1421 665)
4(630 666 1422 1386)
4(665 1421 1422 666)
4(631 667 1423 1387)
4(666 1422 1423 667)
4(632 668 1424 1388)
4(667 1423 1424 668)
4(633 669 1425 1389)
4(668 1424 1425 669)
4(634 670 1426 1390)
4(669 1425 1426 670)
4(635 671 1427 1391)
4(670 1426 1427 671)
4(636 672 1428 1392)
4(671 1427 1428 672)
4(637 673 1429 1393)
4(672 1428 1429 673)
4(638 674 1430 1394)
4(673 1429 1430 674)
4(639 675 1431 1395)
4(674 1430 1431 675)
4(640 676 1432 1396)
4(675 1431 1432 676)
4(641 677 1433 1397)
4(676 1432 1433 677)
4(642 678 1434 1398)
4(677 1433 1434 678)
4(643 679 1435 1399)
4(678 1434 1435 679)
4(644 680 1436 1400)
4(679 1435 1436 680)
4(645 681 1437 1401)
4(680 1436 1437 681)
4(646 682 1438 1402)
4(681 1437 1438 682)
4(682 1438 1439 683)
4(647 683 1439 1403)
4(649 685 1441 1405)
4(684 1440 1441 685)
4(650 686 1442 1406)
4(685 1441 1442 686)
4(651 687 1443 1407)
4(686 1442 1443 687)
4(652 688 1444 1408)
4(687 1443 1444 688)
4(653 689 1445 1409)
4(688 1444 1445 689)
4(654 690 1446 1410)
4(689 1445 1446 690)
4(655 691 1447 1411)
4(690 1446 1447 691)
4(656 692 1448 1412)
4(691 1447 1448 692)
4(657 693 1449 1413)
4(692 1448 1449 693)
4(658 694 1450 1414)
4(693 1449 1450 694)
4(659 695 1451 1415)
4(694 1450 1451 695)
4(660 696 1452 1416)
4(695 1451 1452 696)
4(661 697 1453 1417)
4(696 1452 1453 697)
4(662 698 1454 1418)
4(697 1453 1454 698)
4(663 699 1455 1419)
4(698 1454 1455 699)
4(664 700 1456 1420)
4(699 1455 1456 700)
4(665 701 1457 1421)
4(700 1456 1457 701)
4(666 702 1458 1422)
4(701 1457 1458 702)
4(667 703 1459 1423)
4(702 1458 1459 703)
4(668 704 1460 1424)
4(703 1459 1460 704)
4(669 705 1461 1425)
4(704 1460 1461 705)
4(670 706 1462 1426)
4(705 1461 1462 706)
4(671 707 1463 1427)
4(706 1462 1463 707)
4(672 708 1464 1428)
4(707 1463 1464 708)
4(673 709 1465 1429)
4(708 1464 1465 709)
4(674 710 1466 1430)
4(709 1465 1466 710)
4(675 711 1467 1431)
4(710 1466 1467 711)
4(676 712 1468 1432)
4(711 1467 1468 712)
4(677 713 1469 1433)
4(712 1468 1469 713)
4(678 714 1470 1434)
4(713 1469 1470 714)
4(679 715 1471 1435)
4(714 1470 1471 715)
4(680 716 1472 1436)
4(715 1471 1472 716)
4(681 717 1473 1437)
4(716 1472 1473 717)
4(682 718 1474 1438)
4(717 1473 1474 718)
4(718 1474 1475 719)
4(683 719 1475 1439)
4(685 721 1477 1441)
4(686 722 1478 1442)
4(687 723 1479 1443)
4(688 724 1480 1444)
4(689 725 1481 1445)
4(690 726 1482 1446)
4(691 727 1483 1447)
4(692 728 1484 1448)
4(693 729 1485 1449)
4(694 730 1486 1450)
4(695 731 1487 1451)
4(696 732 1488 1452)
4(697 733 1489 1453)
4(698 734 1490 1454)
4(699 735 1491 1455)
4(700 736 1492 1456)
4(701 737 1493 1457)
4(702 738 1494 1458)
4(703 739 1495 1459)
4(704 740 1496 1460)
4(705 741 1497 1461)
4(706 742 1498 1462)
4(707 743 1499 1463)
4(708 744 1500 1464)
4(709 745 1501 1465)
4(710 746 1502 1466)
4(711 747 1503 1467)
4(712 748 1504 1468)
4(713 749 1505 1469)
4(714 750 1506 1470)
4(715 751 1507 1471)
4(716 752 1508 1472)
4(717 753 1509 1473)
4(718 754 1510 1474)
4(719 755 1511 1475)
4(1512 1527 1842 1827)
4(71 827 1842 1527)
4(1513 1528 1843 1828)
4(1527 1842 1843 1528)
4(1514 1529 1844 1829)
4(1528 1843 1844 1529)
4(1515 1530 1845 1830)
4(1529 1844 1845 1530)
4(1516 1531 1846 1831)
4(1530 1845 1846 1531)
4(1517 1532 1847 1832)
4(1531 1846 1847 1532)
4(1518 1533 1848 1833)
4(1532 1847 1848 1533)
4(1519 1534 1849 1834)
4(1533 1848 1849 1534)
4(1520 1535 1850 1835)
4(1534 1849 1850 1535)
4(1521 1536 1851 1836)
4(1535 1850 1851 1536)
4(1522 1537 1852 1837)
4(1536 1851 1852 1537)
4(1523 1538 1853 1838)
4(1537 1852 1853 1538)
4(1524 1539 1854 1839)
4(1538 1853 1854 1539)
4(1525 1540 1855 1840)
4(1539 1854 1855 1540)
4(1540 1855 1856 1541)
4(1527 1542 1857 1842)
4(107 863 1857 1542)
4(1528 1543 1858 1843)
4(1542 1857 1858 1543)
4(1529 1544 1859 1844)
4(1543 1858 1859 1544)
4(1530 1545 1860 1845)
4(1544 1859 1860 1545)
4(1531 1546 1861 1846)
4(1545 1860 1861 1546)
4(1532 1547 1862 1847)
4(1546 1861 1862 1547)
4(1533 1548 1863 1848)
4(1547 1862 1863 1548)
4(1534 1549 1864 1849)
4(1548 1863 1864 1549)
4(1535 1550 1865 1850)
4(1549 1864 1865 1550)
4(1536 1551 1866 1851)
4(1550 1865 1866 1551)
4(1537 1552 1867 1852)
4(1551 1866 1867 1552)
4(1538 1553 1868 1853)
4(1552 1867 1868 1553)
4(1539 1554 1869 1854)
4(1553 1868 1869 1554)
4(1540 1555 1870 1855)
4(1554 1869 1870 1555)
4(1555 1870 1871 1556)
4(1542 1557 1872 1857)
4(143 899 1872 1557)
4(1543 1558 1873 1858)
4(1557 1872 1873 1558)
4(1544 1559 1874 1859)
4(1558 1873 1874 1559)
4(1545 1560 1875 1860)
4(1559 1874 1875 1560)
4(1546 1561 1876 1861)
4(1560 1875 1876 1561)
4(1547 1562 1877 1862)
4(1561 1876 1877 1562)
4(1548 1563 1878 1863)
4(1562 1877 1878 1563)
4(1549 1564 1879 1864)
4(1563 1878 1879 1564)
4(1550 1565 1880 1865)
4(1564 1879 1880 1565)
4(1551 1566 1881 1866)
4(1565 1880 1881 1566)
4(1552 1567 1882 1867)
4(1566 1881 1882 1567)
4(1553 1568 1883 1868)
4(1567 1882 1883 1568)
4(1554 1569 1884 1869)
4(1568 1883 1884 1569)
4(1555 1570 1885 1870)
4(1569 1884 1885 1570)
4(1570 1885 1886 1571)
4(1557 1572 1887 1872)
4(179 935 1887 1572)
4(1558 1573 1888 1873)
4(1572 1887 1888 1573)
4(1559 1574 1889 1874)
4(1573 1888 1889 1574)
4(1560 1575 1890 1875)
4(1574 1889 1890 1575)
4(1561 1576 1891 1876)
4(1575 1890 1891 1576)
4(1562 1577 1892 1877)
4(1576 1891 1892 1577)
4(1563 1578 1893 1878)
4(1577 1892 1893 1578)
4(1564 1579 1894 1879)
4(1578 1893 1894 1579)
4(1565 1580 1895 1880)
4(1579 1894 1895 1580)
4(1566 1581 1896 1881)
4(1580 1895 1896 1581)
4(1567 1582 1897 1882)
4(1581 1896 1897 1582)
4(1568 1583 1898 1883)
4(1582 1897 1898 1583)
4(1569 1584 1899 1884)
4(1583 1898 1899 1584)
4(1570 1585 1900 1885)
4(1584 1899 1900 1585)
4(1585 1900 1901 1586)
4(1572 1587 1902 1887)
4(215 971 1902 1587)
4(1573 1588 1903 1888)
4(1587 1902 1903 1588)
4(1574 1589 1904 1889)
4(1588 1903 1904 1589)
4(1575 1590 1905 1890)
4(1589 1904 1905 1590)
4(1576 1591 1906 1891)
4(1590 1905 1906 1591)
4(1577 1592 1907 1892)
4(1591 1906 1907 1592)
4(1578 1593 1908 1893)
4(1592 1907 1908 1593)
4(1579 1594 1909 1894)
4(1593 1908 1909 1594)
4(1580 1595 1910 1895)
4(1594 1909 1910 1595)
4(1581 1596 1911 1896)
4(1595 1910 1911 1596)
4(1582 1597 1912 1897)
4(1596 1911 1912 1597)
4(1583 1598 1913 1898)
4(1597 1912 1913 1598)
4(1584 1599 1914 1899)
4(1598 1913 1914 1599)
4(1585 1600 1915 1900)
4(1599 1914 1915 1600)
4(1600 1915 1916 1601)
4(1587 1602 1917 1902)
4(251 1007 1917 1602)
4(1588 1603 1918 1903)
4(1602 1917 1918 1603)
4(1589 1604 1919 1904)
4(1603 1918 1919 1604)
4(1590 1605 1920 1905)
4(1604 1919 1920 1605)
4(1591 1606 1921 1906)
4(1605 1920 1921 1606)
4(1592 1607 1922 1907)
4(1606 1921 1922 1607)
4(1593 1608 1923 1908)
4(1607 1922 1923 1608)
4(1594 1609 1924 1909)
4(1608 1923 1924 1609)
4(1595 1610 1925 1910)
4(1609 1924 1925 1610)
4(1596 1611 1926 1911)
4(1610 1925 1926 1611)
4(1597 1612 1927 1912)
4(1611 1926 1927 1612)
4(1598 1613 1928 1913)
4(1612 1927 1928 1613)
4(1599 1614 1929 1914)
4(1613 1928 1929 1614)
4(1600 1615 1930 1915)
4(1614 1929 1930 1615)
4(1615 1930 1931 1616)
4(1602 1617 1932 1917)
4(287 1043 1932 1617)
4(1603 1618 1933 1918)
4(1617 1932 1933 1618)
4(1604 1619 1934 1919)
4(1618 1933 1934 1619)
4(1605 1620 1935 1920)
4(1619 1934 1935 1620)
4(1606 1621 1936 1921)
4(1620 1935 1936 1621)
4(1607 1622 1937 1922)
4(1621 1936 1937 1622)
4(1608 1623 1938 1923)
4(1622 1937 1938 1623)
4(1609 1624 1939 1924)
4(1623 1938 1939 1624)
4(1610 1625 1940 1925)
4(1624 1939 1940 1625)
4(1611 1626 1941 1926)
4(1625 1940 1941 1626)
4(1612 1627 1942 1927)
4(1626 1941 1942 1627)
4(1613 1628 1943 1928)
4(1627 1942 1943 1628)
4(1614 1629 1944 1929)
4(1628 1943 1944 1629)
4(1615 1630 1945 1930)
4(1629 1944 1945 1630)
4(1630 1945 1946 1631)
4(1617 1632 1947 1932)
4(323 1079 1947 1632)
4(1618 1633 1948 1933)
4(1632 1947 1948 1633)
4(1619 1634 1949 1934)
4(1633 1948 1949 1634)
4(1620 1635 1950 1935)
4(1634 1949 1950 1635)
4(1621 1636 1951 1936)
4(1635 1950 1951 1636)
4(1622 1637 1952 1937)
4(1636 1951 1952 1637)
4(1623 1638 1953 1938)
4(1637 1952 1953 1638)
4(1624 1639 1954 1939)
4(1638 1953 1954 1639)
4(1625 1640 1955 1940)
4(1639 1954 1955 1640)
4(1626 1641 1956 1941)
4(1640 1955 1956 1641)
4(1627 1642 1957 1942)
4(1641 1956 1957 1642)
4(1628 1643 1958 1943)
4(1642 1957 1958 1643)
4(1629 1644 1959 1944)
4(1643 1958 1959 1644)
4(1630 1645 1960 1945)
4(1644 1959 1960 1645)
4(1645 1960 1961 1646)
4(1632 1647 1962 1947)
4(359 1115 1962 1647)
4(1633 1648 1963 1948)
4(1647 1962 1963 1648)
4(1634 1649 1964 1949)
4(1648 1963 1964 1649)
4(1635 1650 1965 1950)
4(1649 1964 1965 1650)
4(1636 1651 1966 1951)
4(1650 1965 1966 1651)
4(1637 1652 1967 1952)
4(1651 1966 1967 1652)
4(1638 1653 1968 1953)
4(1652 1967 1968 1653)
4(1639 1654 1969 1954)
4(1653 1968 1969 1654)
4(1640 1655 1970 1955)
4(1654 1969 1970 1655)
4(1641 1656 1971 1956)
4(1655 1970 1971 1656)
4(1642 1657 1972 1957)
4(1656 1971 1972 1657)
4(1643 1658 1973 1958)
4(1657 1972 1973 1658)
4(1644 1659 1974 1959)
4(1658 1973 1974 1659)
4(1645 1660 1975 1960)
4(1659 1974 1975 1660)
4(1660 1975 1976 1661)
4(1647 1662 1977 1962)
4(395 1151 1977 1662)
4(1648 1663 1978 1963)
4(1662 1977 1978 1663)
4(1649 1664 1979 1964)
4(1663 1978 1979 1664)
4(1650 1665 1980 1965)
4(1664 1979 1980 1665)
4(1651 1666 1981 1966)
4(1665 1980 1981 1666)
4(1652 1667 1982 1967)
4(1666 1981 1982 1667)
4(1653 1668 1983 1968)
4(1667 1982 1983 1668)
4(1654 1669 1984 1969)
4(1668 1983 1984 1669)
4(1655 1670 1985 1970)
4(1669 1984 1985 1670)
4(1656 1671 1986 1971)
4(1670 1985 1986 1671)
4(1657 1672 1987 1972)
4(1671 1986 1987 1672)
4(1658 1673 1988 1973)
4(1672 1987 1988 1673)
4(1659 1674 1989 1974)
4(1673 1988 1989 1674)
4(1660 1675 1990 1975)
4(1674 1989 1990 1675)
4(1675 1990 1991 1676)
4(1662 1677 1992 1977)
4(431 1187 1992 1677)
4(1663 1678 1993 1978)
4(1677 1992 1993 1678)
4(1664 1679 1994 1979)
4(1678 1993 1994 1679)
4(1665 1680 1995 1980)
4(1679 1994 1995 1680)
4(1666 1681 1996 1981)
4(1680 1995 1996 1681)
4(1667 1682 1997 1982)
4(1681 1996 1997 1682)
4(1668 1683 1998 1983)
4(1682 1997 1998 1683)
4(1669 1684 1999 1984)
4(1683 1998 1999 1684)
4(1670 1685 2000 1985)
4(1684 1999 2000 1685)
4(1671 1686 2001 1986)
4(1685 2000 2001 1686)
4(1672 1687 2002 1987)
4(1686 2001 2002 1687)
4(1673 1688 2003 1988)
4(1687 2002 2003 1688)
4(1674 1689 2004 1989)
4(1688 2003 2004 1689)
4(1675 1690 2005 1990)
4(1689 2004 2005 1690)
4(1690 2005 2006 1691)
4(1677 1692 2007 1992)
4(467 1223 2007 1692)
4(1678 1693 2008 1993)
4(1692 2007 2008 1693)
4(1679 1694 2009 1994)
4(1693 2008 2009 1694)
4(1680 1695 2010 1995)
4(1694 2009 2010 1695)
4(1681 1696 2011 1996)
4(1695 2010 2011 1696)
4(1682 1697 2012 1997)
4(1696 2011 2012 1697)
4(1683 1698 2013 1998)
4(1697 2012 2013 1698)
4(1684 1699 2014 1999)
4(1698 2013 2014 1699)
4(1685 1700 2015 2000)
4(1699 2014 2015 1700)
4(1686 1701 2016 2001)
4(1700 2015 2016 1701)
4(1687 1702 2017 2002)
4(1701 2016 2017 1702)
4(1688 1703 2018 2003)
4(1702 2017 2018 1703)
4(1689 1704 2019 2004)
4(1703 2018 2019 1704)
4(1690 1705 2020 2005)
4(1704 2019 2020 1705)
4(1705 2020 2021 1706)
4(1692 1707 2022 2007)
4(503 1259 2022 1707)
4(1693 1708 2023 2008)
4(1707 2022 2023 1708)
4(1694 1709 2024 2009)
4(1708 2023 2024 1709)
4(1695 1710 2025 2010)
4(1709 2024 2025 1710)
4(1696 1711 2026 2011)
4(1710 2025 2026 1711)
4(1697 1712 2027 2012)
4(1711 2026 2027 1712)
4(1698 1713 2028 2013)
4(1712 2027 2028 1713)
4(1699 1714 2029 2014)
4(1713 2028 2029 1714)
4(1700 1715 2030 2015)
4(1714 2029 2030 1715)
4(1701 1716 2031 2016)
4(1715 2030 2031 1716)
4(1702 1717 2032 2017)
4(1716 2031 2032 1717)
4(1703 1718 2033 2018)
4(1717 2032 2033 1718)
4(1704 1719 2034 2019)
4(1718 2033 2034 1719)
4(1705 1720 2035 2020)
4(1719 2034 2035 1720)
4(1720 2035 2036 1721)
4(1707 1722 2037 2022)
4(539 1295 2037 1722)
4(1708 1723 2038 2023)
4(1722 2037 2038 1723)
4(1709 1724 2039 2024)
4(1723 2038 2039 1724)
4(1710 1725 2040 2025)
4(1724 2039 2040 1725)
4(1711 1726 2041 2026)
4(1725 2040 2041 1726)
4(1712 1727 2042 2027)
4(1726 2041 2042 1727)
4(1713 1728 2043 2028)
4(1727 2042 2043 1728)
4(1714 1729 2044 2029)
4(1728 2043 2044 1729)
4(1715 1730 2045 2030)
4(1729 2044 2045 1730)
4(1716 1731 2046 2031)
4(1730 2045 2046 1731)
4(1717 1732 2047 2032)
4(1731 2046 2047 1732)
4(1718 1733 2048 2033)
4(1732 2047 2048 1733)
4(1719 1734 2049 2034)
4(1733 2048 2049 1734)
4(1720 1735 2050 2035)
4(1734 2049 2050 1735)
4(1735 2050 2051 1736)
4(1722 1737 2052 2037)
4(575 1331 2052 1737)
4(1723 1738 2053 2038)
4(1737 2052 2053 1738)
4(1724 1739 2054 2039)
4(1738 2053 2054 1739)
4(1725 1740 2055 2040)
4(1739 2054 2055 1740)
4(1726 1741 2056 2041)
4(1740 2055 2056 1741)
4(1727 1742 2057 2042)
4(1741 2056 2057 1742)
4(1728 1743 2058 2043)
4(1742 2057 2058 1743)
4(1729 1744 2059 2044)
4(1743 2058 2059 1744)
4(1730 1745 2060 2045)
4(1744 2059 2060 1745)
4(1731 1746 2061 2046)
4(1745 2060 2061 1746)
4(1732 1747 2062 2047)
4(1746 2061 2062 1747)
4(1733 1748 2063 2048)
4(1747 2062 2063 1748)
4(1734 1749 2064 2049)
4(1748 2063 2064 1749)
4(1735 1750 2065 2050)
4(1749 2064 2065 1750)
4(1750 2065 2066 1751)
4(1737 1752 2067 2052)
4(611 1367 2067 1752)
4(1738 1753 2068 2053)
4(1752 2067 2068 1753)
4(1739 1754 2069 2054)
4(1753 2068 2069 1754)
4(1740 1755 2070 2055)
4(1754 2069 2070 1755)
4(1741 1756 2071 2056)
4(1755 2070 2071 1756)
4(1742 1757 2072 2057)
4(1756 2071 2072 1757)
4(1743 1758 2073 2058)
4(1757 2072 2073 1758)
4(1744 1759 2074 2059)
4(1758 2073 2074 1759)
4(1745 1760 2075 2060)
4(1759 2074 2075 1760)
4(1746 1761 2076 2061)
4(1760 2075 2076 1761)
4(1747 1762 2077 2062)
4(1761 2076 2077 1762)
4(1748 1763 2078 2063)
4(1762 2077 2078 1763)
4(1749 1764 2079 2064)
4(1763 2078 2079 1764)
4(1750 1765 2080 2065)
4(1764 2079 2080 1765)
4(1765 2080 2081 1766)
4(1752 1767 2082 2067)
4(647 1403 2082 1767)
4(1753 1768 2083 2068)
4(1767 2082 2083 1768)
4(1754 1769 2084 2069)
4(1768 2083 2084 1769)
4(1755 1770 2085 2070)
4(1769 2084 2085 1770)
4(1756 1771 2086 2071)
4(1770 2085 2086 1771)
4(1757 1772 2087 2072)
4(1771 2086 2087 1772)
4(1758 1773 2088 2073)
4(1772 2087 2088 1773)
4(1759 1774 2089 2074)
4(1773 2088 2089 1774)
4(1760 1775 2090 2075)
4(1774 2089 2090 1775)
4(1761 1776 2091 2076)
4(1775 2090 2091 1776)
4(1762 1777 2092 2077)
4(1776 2091 2092 1777)
4(1763 1778 2093 2078)
4(1777 2092 2093 1778)
4(1764 1779 2094 2079)
4(1778 2093 2094 1779)
4(1765 1780 2095 2080)
4(1779 2094 2095 1780)
4(1780 2095 2096 1781)
4(1767 1782 2097 2082)
4(683 1439 2097 1782)
4(1768 1783 2098 2083)
4(1782 2097 2098 1783)
4(1769 1784 2099 2084)
4(1783 2098 2099 1784)
4(1770 1785 2100 2085)
4(1784 2099 2100 1785)
4(1771 1786 2101 2086)
4(1785 2100 2101 1786)
4(1772 1787 2102 2087)
4(1786 2101 2102 1787)
4(1773 1788 2103 2088)
4(1787 2102 2103 1788)
4(1774 1789 2104 2089)
4(1788 2103 2104 1789)
4(1775 1790 2105 2090)
4(1789 2104 2105 1790)
4(1776 1791 2106 2091)
4(1790 2105 2106 1791)
4(1777 1792 2107 2092)
4(1791 2106 2107 1792)
4(1778 1793 2108 2093)
4(1792 2107 2108 1793)
4(1779 1794 2109 2094)
4(1793 2108 2109 1794)
4(1780 1795 2110 2095)
4(1794 2109 2110 1795)
4(1795 2110 2111 1796)
4(1782 1797 2112 2097)
4(719 1475 2112 1797)
4(1783 1798 2113 2098)
4(1797 2112 2113 1798)
4(1784 1799 2114 2099)
4(1798 2113 2114 1799)
4(1785 1800 2115 2100)
4(1799 2114 2115 1800)
4(1786 1801 2116 2101)
4(1800 2115 2116 1801)
4(1787 1802 2117 2102)
4(1801 2116 2117 1802)
4(1788 1803 2118 2103)
4(1802 2117 2118 1803)
4(1789 1804 2119 2104)
4(1803 2118 2119 1804)
4(1790 1805 2120 2105)
4(1804 2119 2120 1805)
4(1791 1806 2121 2106)
4(1805 2120 2121 1806)
4(1792 1807 2122 2107)
4(1806 2121 2122 1807)
4(1793 1808 2123 2108)
4(1807 2122 2123 1808)
4(1794 1809 2124 2109)
4(1808 2123 2124 1809)
4(1795 1810 2125 2110)
4(1809 2124 2125 1810)
4(1810 2125 2126 1811)
4(1797 1812 2127 2112)
4(1798 1813 2128 2113)
4(1799 1814 2129 2114)
4(1800 1815 2130 2115)
4(1801 1816 2131 2116)
4(1802 1817 2132 2117)
4(1803 1818 2133 2118)
4(1804 1819 2134 2119)
4(1805 1820 2135 2120)
4(1806 1821 2136 2121)
4(1807 1822 2137 2122)
4(1808 1823 2138 2123)
4(1809 1824 2139 2124)
4(1810 1825 2140 2125)
4(0 756 792 36)
4(36 792 828 72)
4(72 828 864 108)
4(108 864 900 144)
4(144 900 936 180)
4(180 936 972 216)
4(216 972 1008 252)
4(252 1008 1044 288)
4(288 1044 1080 324)
4(324 1080 1116 360)
4(360 1116 1152 396)
4(396 1152 1188 432)
4(432 1188 1224 468)
4(468 1224 1260 504)
4(504 1260 1296 540)
4(540 1296 1332 576)
4(576 1332 1368 612)
4(612 1368 1404 648)
4(648 1404 1440 684)
4(684 1440 1476 720)
4(1526 1541 1856 1841)
4(1541 1556 1871 1856)
4(1556 1571 1886 1871)
4(1571 1586 1901 1886)
4(1586 1601 1916 1901)
4(1601 1616 1931 1916)
4(1616 1631 1946 1931)
4(1631 1646 1961 1946)
4(1646 1661 1976 1961)
4(1661 1676 1991 1976)
4(1676 1691 2006 1991)
4(1691 1706 2021 2006)
4(1706 1721 2036 2021)
4(1721 1736 2051 2036)
4(1736 1751 2066 2051)
4(1751 1766 2081 2066)
4(1766 1781 2096 2081)
4(1781 1796 2111 2096)
4(1796 1811 2126 2111)
4(1811 1826 2141 2126)
4(720 1476 1477 721)
4(721 1477 1478 722)
4(722 1478 1479 723)
4(723 1479 1480 724)
4(724 1480 1481 725)
4(725 1481 1482 726)
4(726 1482 1483 727)
4(727 1483 1484 728)
4(728 1484 1485 729)
4(729 1485 1486 730)
4(730 1486 1487 731)
4(731 1487 1488 732)
4(732 1488 1489 733)
4(733 1489 1490 734)
4(734 1490 1491 735)
4(735 1491 1492 736)
4(736 1492 1493 737)
4(737 1493 1494 738)
4(738 1494 1495 739)
4(739 1495 1496 740)
4(740 1496 1497 741)
4(741 1497 1498 742)
4(742 1498 1499 743)
4(743 1499 1500 744)
4(744 1500 1501 745)
4(745 1501 1502 746)
4(746 1502 1503 747)
4(747 1503 1504 748)
4(748 1504 1505 749)
4(749 1505 1506 750)
4(750 1506 1507 751)
4(751 1507 1508 752)
4(752 1508 1509 753)
4(753 1509 1510 754)
4(754 1510 1511 755)
4(755 1511 2127 1812)
4(1812 2127 2128 1813)
4(1813 2128 2129 1814)
4(1814 2129 2130 1815)
4(1815 2130 2131 1816)
4(1816 2131 2132 1817)
4(1817 2132 2133 1818)
4(1818 2133 2134 1819)
4(1819 2134 2135 1820)
4(1820 2135 2136 1821)
4(1821 2136 2137 1822)
4(1822 2137 2138 1823)
4(1823 2138 2139 1824)
4(1824 2139 2140 1825)
4(1825 2140 2141 1826)
4(0 1 757 756)
4(1 2 758 757)
4(2 3 759 758)
4(3 4 760 759)
4(4 5 761 760)
4(5 6 762 761)
4(6 7 763 762)
4(7 8 764 763)
4(8 9 765 764)
4(9 10 766 765)
4(10 11 767 766)
4(11 12 768 767)
4(12 13 769 768)
4(13 14 770 769)
4(14 15 771 770)
4(15 16 772 771)
4(16 17 773 772)
4(17 18 774 773)
4(18 19 775 774)
4(19 20 776 775)
4(20 21 777 776)
4(21 22 778 777)
4(22 23 779 778)
4(23 24 780 779)
4(24 25 781 780)
4(25 26 782 781)
4(26 27 783 782)
4(27 28 784 783)
4(28 29 785 784)
4(29 30 786 785)
4(30 31 787 786)
4(31 32 788 787)
4(32 33 789 788)
4(33 34 790 789)
4(34 35 791 790)
4(35 1512 1827 791)
4(1512 1513 1828 1827)
4(1513 1514 1829 1828)
4(1514 1515 1830 1829)
4(1515 1516 1831 1830)
4(1516 1517 1832 1831)
4(1517 1518 1833 1832)
4(1518 1519 1834 1833)
4(1519 1520 1835 1834)
4(1520 1521 1836 1835)
4(1521 1522 1837 1836)
4(1522 1523 1838 1837)
4(1523 1524 1839 1838)
4(1524 1525 1840 1839)
4(1525 1526 1841 1840)
4(0 36 37 1)
4(36 72 73 37)
4(72 108 109 73)
4(108 144 145 109)
4(144 180 181 145)
4(180 216 217 181)
4(216 252 253 217)
4(252 288 289 253)
4(288 324 325 289)
4(324 360 361 325)
4(360 396 397 361)
4(396 432 433 397)
4(432 468 469 433)
4(468 504 505 469)
4(504 540 541 505)
4(540 576 577 541)
4(576 612 613 577)
4(612 648 649 613)
4(648 684 685 649)
4(684 720 721 685)
4(1 37 38 2)
4(37 73 74 38)
4(73 109 110 74)
4(109 145 146 110)
4(145 181 182 146)
4(181 217 218 182)
4(217 253 254 218)
4(253 289 290 254)
4(289 325 326 290)
4(325 361 362 326)
4(361 397 398 362)
4(397 433 434 398)
4(433 469 470 434)
4(469 505 506 470)
4(505 541 542 506)
4(541 577 578 542)
4(577 613 614 578)
4(613 649 650 614)
4(649 685 686 650)
4(685 721 722 686)
4(2 38 39 3)
4(38 74 75 39)
4(74 110 111 75)
4(110 146 147 111)
4(146 182 183 147)
4(182 218 219 183)
4(218 254 255 219)
4(254 290 291 255)
4(290 326 327 291)
4(326 362 363 327)
4(362 398 399 363)
4(398 434 435 399)
4(434 470 471 435)
4(470 506 507 471)
4(506 542 543 507)
4(542 578 579 543)
4(578 614 615 579)
4(614 650 651 615)
4(650 686 687 651)
4(686 722 723 687)
4(3 39 40 4)
4(39 75 76 40)
4(75 111 112 76)
4(111 147 148 112)
4(147 183 184 148)
4(183 219 220 184)
4(219 255 256 220)
4(255 291 292 256)
4(291 327 328 292)
4(327 363 364 328)
4(363 399 400 364)
4(399 435 436 400)
4(435 471 472 436)
4(471 507 508 472)
4(507 543 544 508)
4(543 579 580 544)
4(579 615 616 580)
4(615 651 652 616)
4(651 687 688 652)
4(687 723 724 688)
4(4 40 41 5)
4(40 76 77 41)
4(76 112 113 77)
4(112 148 149 113)
4(148 184 185 149)
4(184 220 221 185)
4(220 256 257 221)
4(256 292 293 257)
4(292 328 329 293)
4(328 364 365 329)
4(364 400 401 365)
4(400 436 437 401)
4(436 472 473 437)
4(472 508 509 473)
4(508 544 545 509)
4(544 580 581 545)
4(580 616 617 581)
4(616 652 653 617)
4(652 688 689 653)
4(688 724 725 689)
4(5 41 42 6)
4(41 77 78 42)
4(77 113 114 78)
4(113 149 150 114)
4(149 185 186 150)
4(185 221 222 186)
4(221 257 258 222)
4(257 293 294 258)
4(293 329 330 294)
4(329 365 366 330)
4(365 401 402 366)
4(401 437 438 402)
4(437 473 474 438)
4(473 509 510 474)
4(509 545 546 510)
4(545 581 582 546)
4(581 617 618 582)
4(617 653 654 618)
4(653 689 690 654)
4(689 725 726 690)
4(6 42 43 7)
4(42 78 79 43)
4(78 114 115 79)
4(114 150 151 115)
4(150 186 187 151)
4(186 222 223 187)
4(222 258 259 223)
4(258 294 295 259)
4(294 330 331 295)
4(330 366 367 331)
4(366 402 403 367)
4(402 438 439 403)
4(438 474 475 439)
4(474 510 511 475)
4(510 546 547 511)
4(546 582 583 547)
4(582 618 619 583)
4(618 654 655 619)
4(654 690 691 655)
4(690 726 727 691)
4(7 43 44 8)
4(43 79 80 44)
4(79 115 116 80)
4(115 151 152 116)
4(151 187 188 152)
4(187 223 224 188)
4(223 259 260 224)
4(259 295 296 260)
4(295 331 332 296)
4(331 367 368 332)
4(367 403 404 368)
4(403 439 440 404)
4(439 475 476 440)
4(475 511 512 476)
4(511 547 548 512)
4(547 583 584 548)
4(583 619 620 584)
4(619 655 656 620)
4(655 691 692 656)
4(691 727 728 692)
4(8 44 45 9)
4(44 80 81 45)
4(80 116 117 81)
4(116 152 153 117)
4(152 188 189 153)
4(188 224 225 189)
4(224 260 261 225)
4(260 296 297 261)
4(296 332 333 297)
4(332 368 369 333)
4(368 404 405 369)
4(404 440 441 405)
4(440 476 477 441)
4(476 512 513 477)
4(512 548 549 513)
4(548 584 585 549)
4(584 620 621 585)
4(620 656 657 621)
4(656 692 693 657)
4(692 728 729 693)
4(9 45 46 10)
4(45 81 82 46)
4(81 117 118 82)
4(117 153 154 118)
4(153 189 190 154)
4(189 225 226 190)
4(225 261 262 226)
4(261 297 298 262)
4(297 333 334 298)
4(333 369 370 334)
4(369 405 406 370)
4(405 441 442 406)
4(441 477 478 442)
4(477 513 514 478)
4(513 549 550 514)
4(549 585 586 550)
4(585 621 622 586)
4(621 657 658 622)
4(657 693 694 658)
4(693 729 730 694)
4(10 46 47 11)
4(46 82 83 47)
4(82 118 119 83)
4(118 154 155 119)
4(154 190 191 155)
4(190 226 227 191)
4(226 262 263 227)
4(262 298 299 263)
4(298 334 335 299)
4(334 370 371 335)
4(370 406 407 371)
4(406 442 443 407)
4(442 478 479 443)
4(478 514 515 479)
4(514 550 551 515)
4(550 586 587 551)
4(586 622 623 587)
4(622 658 659 623)
4(658 694 695 659)
4(694 730 731 695)
4(11 47 48 12)
4(47 83 84 48)
4(83 119 120 84)
4(119 155 156 120)
4(155 191 192 156)
4(191 227 228 192)
4(227 263 264 228)
4(263 299 300 264)
4(299 335 336 300)
4(335 371 372 336)
4(371 407 408 372)
4(407 443 444 408)
4(443 479 480 444)
4(479 515 516 480)
4(515 551 552 516)
4(551 587 588 552)
4(587 623 624 588)
4(623 659 660 624)
4(659 695 696 660)
4(695 731 732 696)
4(12 48 49 13)
4(48 84 85 49)
4(84 120 121 85)
4(120 156 157 121)
4(156 192 193 157)
4(192 228 229 193)
4(228 264 265 229)
4(264 300 301 265)
4(300 336 337 301)
4(336 372 373 337)
4(372 408 409 373)
4(408 444 445 409)
4(444 480 481 445)
4(480 516 517 481)
4(516 552 553 517)
4(552 588 589 553)
4(588 624 625 589)
4(624 660 661 625)
4(660 696 697 661)
4(696 732 733 697)
4(13 49 50 14)
4(49 85 86 50)
4(85 121 122 86)
4(121 157 158 122)
4(157 193 194 158)
4(193 229 230 194)
4(229 265 266 230)
4(265 301 302 266)
4(301 337 338 302)
4(337 373 374 338)
4(373 409 410 374)
4(409 445 446 410)
4(445 481 482 446)
4(481 517 518 482)
4(517 553 554 518)
4(553 589 590 554)
4(589 625 626 590)
4(625 661 662 626)
4(661 697 698 662)
4(697 733 734 698)
4(14 50 51 15)
4(50 86 87 51)
4(86 122 123 87)
4(122 158 159 123)
4(158 194 195 159)
4(194 230 231 195)
4(230 266 267 231)
4(266 302 303 267)
4(302 338 339 303)
4(338 374 375 339)
4(374 410 411 375)
4(410 446 447 411)
4(446 482 483 447)
4(482 518 519 483)
4(518 554 555 519)
4(554 590 591 555)
4(590 626 627 591)
4(626 662 663 627)
4(662 698 699 663)
4(698 734 735 699)
4(15 51 52 16)
4(51 87 88 52)
4(87 123 124 88)
4(123 159 160 124)
4(159 195 196 160)
4(195 231 232 196)
4(231 267 268 232)
4(267 303 304 268)
4(303 339 340 304)
4(339 375 376 340)
4(375 411 412 376)
4(411 447 448 412)
4(447 483 484 448)
4(483 519 520 484)
4(519 555 556 520)
4(555 591 592 556)
4(591 627 628 592)
4(627 663 664 628)
4(663 699 700 664)
4(699 735 736 700)
4(16 52 53 17)
4(52 88 89 53)
4(88 124 125 89)
4(124 160 161 125)
4(160 196 197 161)
4(196 232 233 197)
4(232 268 269 233)
4(268 304 305 269)
4(304 340 341 305)
4(340 376 377 341)
4(376 412 413 377)
4(412 448 449 413)
4(448 484 485 449)
4(484 520 521 485)
4(520 556 557 521)
4(556 592 593 557)
4(592 628 629 593)
4(628 664 665 629)
4(664 700 701 665)
4(700 736 737 701)
4(17 53 54 18)
4(53 89 90 54)
4(89 125 126 90)
4(125 161 162 126)
4(161 197 198 162)
4(197 233 234 198)
4(233 269 270 234)
4(269 305 306 270)
4(305 341 342 306)
4(341 377 378 342)
4(377 413 414 378)
4(413 449 450 414)
4(449 485 486 450)
4(485 521 522 486)
4(521 557 558 522)
4(557 593 594 558)
4(593 629 630 594)
4(629 665 666 630)
4(665 701 702 666)
4(701 737 738 702)
4(18 54 55 19)
4(54 90 91 55)
4(90 126 127 91)
4(126 162 163 127)
4(162 198 199 163)
4(198 234 235 199)
4(234 270 271 235)
4(270 306 307 271)
4(306 342 343 307)
4(342 378 379 343)
4(378 414 415 379)
4(414 450 451 415)
4(450 486 487 451)
4(486 522 523 487)
4(522 558 559 523)
4(558 594 595 559)
4(594 630 631 595)
4(630 666 667 631)
4(666 702 703 667)
4(702 738 739 703)
4(19 55 56 20)
4(55 91 92 56)
4(91 127 128 92)
4(127 163 164 128)
4(163 199 200 164)
4(199 235 236 200)
4(235 271 272 236)
4(271 307 308 272)
4(307 343 344 308)
4(343 379 380 344)
4(379 415 416 380)
4(415 451 452 416)
4(451 487 488 452)
4(487 523 524 488)
4(523 559 560 524)
4(559 595 596 560)
4(595 631 632 596)
4(631 667 668 632)
4(667 703 704 668)
4(703 739 740 704)
4(20 56 57 21)
4(56 92 93 57)
4(92 128 129 93)
4(128 164 165 129)
4(164 200 201 165)
4(200 236 237 201)
4(236 272 273 237)
4(272 308 309 273)
4(308 344 345 309)
4(344 380 381 345)
4(380 416 417 381)
4(416 452 453 417)
4(452 488 489 453)
4(488 524 525 489)
4(524 560 561 525)
4(560 596 597 561)
4(596 632 633 597)
4(632 668 669 633)
4(668 704 705 669)
4(704 740 741 705)
4(21 57 58 22)
4(57 93 94 58)
4(93 129 130 94)
4(129 165 166 130)
4(165 201 202 166)
4(201 237 238 202)
4(237 273 274 238)
4(273 309 310 274)
4(309 345 346 310)
4(345 381 382 346)
4(381 417 418 382)
4(417 453 454 418)
4(453 489 490 454)
4(489 525 526 490)
4(525 561 562 526)
4(561 597 598 562)
4(597 633 634 598)
4(633 669 670 634)
4(669 705 706 670)
4(705 741 742 706)
4(22 58 59 23)
4(58 94 95 59)
4(94 130 131 95)
4(130 166 167 131)
4(166 202 203 167)
4(202 238 239 203)
4(238 274 275 239)
4(274 310 311 275)
4(310 346 347 311)
4(346 382 383 347)
4(382 418 419 383)
4(418 454 455 419)
4(454 490 491 455)
4(490 526 527 491)
4(526 562 563 527)
4(562 598 599 563)
4(598 634 635 599)
4(634 670 671 635)
4(670 706 707 671)
4(706 742 743 707)
4(23 59 60 24)
4(59 95 96 60)
4(95 131 132 96)
4(131 167 168 132)
4(167 203 204 168)
4(203 239 240 204)
4(239 275 276 240)
4(275 311 312 276)
4(311 347 348 312)
4(347 383 384 348)
4(383 419 420 384)
4(419 455 456 420)
4(455 491 492 456)
4(491 527 528 492)
4(527 563 564 528)
4(563 599 600 564)
4(599 635 636 600)
4(635 671 672 636)
4(671 707 708 672)
4(707 743 744 708)
4(24 60 61 25)
4(60 96 97 61)
4(96 132 133 97)
4(132 168 169 133)
4(168 204 205 169)
4(204 240 241 205)
4(240 276 277 241)
4(276 312 313 277)
4(312 348 349 313)
4(348 384 385 349)
4(384 420 421 385)
4(420 456 457 421)
4(456 492 493 457)
4(492 528 529 493)
4(528 564 565 529)
4(564 600 601 565)
4(600 636 637 601)
4(636 672 673 637)
4(672 708 709 673)
4(708 744 745 709)
4(25 61 62 26)
4(61 97 98 62)
4(97 133 134 98)
4(133 169 170 134)
4(169 205 206 170)
4(205 241 242 206)
4(241 277 278 242)
4(277 313 314 278)
4(313 349 350 314)
4(349 385 386 350)
4(385 421 422 386)
4(421 457 458 422)
4(457 493 494 458)
4(493 529 530 494)
4(529 565 566 530)
4(565 601 602 566)
4(601 637 638 602)
4(637 673 674 638)
4(673 709 710 674)
4(709 745 746 710)
4(26 62 63 27)
4(62 98 99 63)
4(98 134 135 99)
4(134 170 171 135)
4(170 206 207 171)
4(206 242 243 207)
4(242 278 279 243)
4(278 314 315 279)
4(314 350 351 315)
4(350 386 387 351)
4(386 422 423 387)
4(422 458 459 423)
4(458 494 495 459)
4(494 530 531 495)
4(530 566 567 531)
4(566 602 603 567)
4(602 638 639 603)
4(638 674 675 639)
4(674 710 711 675)
4(710 746 747 711)
4(27 63 64 28)
4(63 99 100 64)
4(99 135 136 100)
4(135 171 172 136)
4(171 207 208 172)
4(207 243 244 208)
4(243 279 280 244)
4(279 315 316 280)
4(315 351 352 316)
4(351 387 388 352)
4(387 423 424 388)
4(423 459 460 424)
4(459 495 496 460)
4(495 531 532 496)
4(531 567 568 532)
4(567 603 604 568)
4(603 639 640 604)
4(639 675 676 640)
4(675 711 712 676)
4(711 747 748 712)
4(28 64 65 29)
4(64 100 101 65)
4(100 136 137 101)
4(136 172 173 137)
4(172 208 209 173)
4(208 244 245 209)
4(244 280 281 245)
4(280 316 317 281)
4(316 352 353 317)
4(352 388 389 353)
4(388 424 425 389)
4(424 460 461 425)
4(460 496 497 461)
4(496 532 533 497)
4(532 568 569 533)
4(568 604 605 569)
4(604 640 641 605)
4(640 676 677 641)
4(676 712 713 677)
4(712 748 749 713)
4(29 65 66 30)
4(65 101 102 66)
4(101 137 138 102)
4(137 173 174 138)
4(173 209 210 174)
4(209 245 246 210)
4(245 281 282 246)
4(281 317 318 282)
4(317 353 354 318)
4(353 389 390 354)
4(389 425 426 390)
4(425 461 462 426)
4(461 497 498 462)
4(497 533 534 498)
4(533 569 570 534)
4(569 605 606 570)
4(605 641 642 606)
4(641 677 678 642)
4(677 713 714 678)
4(713 749 750 714)
4(30 66 67 31)
4(66 102 103 67)
4(102 138 139 103)
4(138 174 175 139)
4(174 210 211 175)
4(210 246 247 211)
4(246 282 283 247)
4(282 318 319 283)
4(318 354 355 319)
4(354 390 391 355)
4(390 426 427 391)
4(426 462 463 427)
4(462 498 499 463)
4(498 534 535 499)
4(534 570 571 535)
4(570 606 607 571)
4(606 642 643 607)
4(642 678 679 643)
4(678 714 715 679)
4(714 750 751 715)
4(31 67 68 32)
4(67 103 104 68)
4(103 139 140 104)
4(139 175 176 140)
4(175 211 212 176)
4(211 247 248 212)
4(247 283 284 248)
4(283 319 320 284)
4(319 355 356 320)
4(355 391 392 356)
4(391 427 428 392)
4(427 463 464 428)
4(463 499 500 464)
4(499 535 536 500)
4(535 571 572 536)
4(571 607 608 572)
4(607 643 644 608)
4(643 679 680 644)
4(679 715 716 680)
4(715 751 752 716)
4(32 68 69 33)
4(68 104 105 69)
4(104 140 141 105)
4(140 176 177 141)
4(176 212 213 177)
4(212 248 249 213)
4(248 284 285 249)
4(284 320 321 285)
4(320 356 357 321)
4(356 392 393 357)
4(392 428 429 393)
4(428 464 465 429)
4(464 500 501 465)
4(500 536 537 501)
4(536 572 573 537)
4(572 608 609 573)
4(608 644 645 609)
4(644 680 681 645)
4(680 716 717 681)
4(716 752 753 717)
4(33 69 70 34)
4(69 105 106 70)
4(105 141 142 106)
4(141 177 178 142)
4(177 213 214 178)
4(213 249 250 214)
4(249 285 286 250)
4(285 321 322 286)
4(321 357 358 322)
4(357 393 394 358)
4(393 429 430 394)
4(429 465 466 430)
4(465 501 502 466)
4(501 537 538 502)
4(537 573 574 538)
4(573 609 610 574)
4(609 645 646 610)
4(645 681 682 646)
4(681 717 718 682)
4(717 753 754 718)
4(34 70 71 35)
4(70 106 107 71)
4(106 142 143 107)
4(142 178 179 143)
4(178 214 215 179)
4(214 250 251 215)
4(250 286 287 251)
4(286 322 323 287)
4(322 358 359 323)
4(358 394 395 359)
4(394 430 431 395)
4(430 466 467 431)
4(466 502 503 467)
4(502 538 539 503)
4(538 574 575 539)
4(574 610 611 575)
4(610 646 647 611)
4(646 682 683 647)
4(682 718 719 683)
4(718 754 755 719)
4(35 71 1527 1512)
4(71 107 1542 1527)
4(107 143 1557 1542)
4(143 179 1572 1557)
4(179 215 1587 1572)
4(215 251 1602 1587)
4(251 287 1617 1602)
4(287 323 1632 1617)
4(323 359 1647 1632)
4(359 395 1662 1647)
4(395 431 1677 1662)
4(431 467 1692 1677)
4(467 503 1707 1692)
4(503 539 1722 1707)
4(539 575 1737 1722)
4(575 611 1752 1737)
4(611 647 1767 1752)
4(647 683 1782 1767)
4(683 719 1797 1782)
4(719 755 1812 1797)
4(1512 1527 1528 1513)
4(1527 1542 1543 1528)
4(1542 1557 1558 1543)
4(1557 1572 1573 1558)
4(1572 1587 1588 1573)
4(1587 1602 1603 1588)
4(1602 1617 1618 1603)
4(1617 1632 1633 1618)
4(1632 1647 1648 1633)
4(1647 1662 1663 1648)
4(1662 1677 1678 1663)
4(1677 1692 1693 1678)
4(1692 1707 1708 1693)
4(1707 1722 1723 1708)
4(1722 1737 1738 1723)
4(1737 1752 1753 1738)
4(1752 1767 1768 1753)
4(1767 1782 1783 1768)
4(1782 1797 1798 1783)
4(1797 1812 1813 1798)
4(1513 1528 1529 1514)
4(1528 1543 1544 1529)
4(1543 1558 1559 1544)
4(1558 1573 1574 1559)
4(1573 1588 1589 1574)
4(1588 1603 1604 1589)
4(1603 1618 1619 1604)
4(1618 1633 1634 1619)
4(1633 1648 1649 1634)
4(1648 1663 1664 1649)
4(1663 1678 1679 1664)
4(1678 1693 1694 1679)
4(1693 1708 1709 1694)
4(1708 1723 1724 1709)
4(1723 1738 1739 1724)
4(1738 1753 1754 1739)
4(1753 1768 1769 1754)
4(1768 1783 1784 1769)
4(1783 1798 1799 1784)
4(1798 1813 1814 1799)
4(1514 1529 1530 1515)
4(1529 1544 1545 1530)
4(1544 1559 1560 1545)
4(1559 1574 1575 1560)
4(1574 1589 1590 1575)
4(1589 1604 1605 1590)
4(1604 1619 1620 1605)
4(1619 1634 1635 1620)
4(1634 1649 1650 1635)
4(1649 1664 1665 1650)
4(1664 1679 1680 1665)
4(1679 1694 1695 1680)
4(1694 1709 1710 1695)
4(1709 1724 1725 1710)
4(1724 1739 1740 1725)
4(1739 1754 1755 1740)
4(1754 1769 1770 1755)
4(1769 1784 1785 1770)
4(1784 1799 1800 1785)
4(1799 1814 1815 1800)
4(1515 1530 1531 1516)
4(1530 1545 1546 1531)
4(1545 1560 1561 1546)
4(1560 1575 1576 1561)
4(1575 1590 1591 1576)
4(1590 1605 1606 1591)
4(1605 1620 1621 1606)
4(1620 1635 1636 1621)
4(1635 1650 1651 1636)
4(1650 1665 1666 1651)
4(1665 1680 1681 1666)
4(1680 1695 1696 1681)
4(1695 1710 1711 1696)
4(1710 1725 1726 1711)
4(1725 1740 1741 1726)
4(1740 1755 1756 1741)
4(1755 1770 1771 1756)
4(1770 1785 1786 1771)
4(1785 1800 1801 1786)
4(1800 1815 1816 1801)
4(1516 1531 1532 1517)
4(1531 1546 1547 1532)
4(1546 1561 1562 1547)
4(1561 1576 1577 1562)
4(1576 1591 1592 1577)
4(1591 1606 1607 1592)
4(1606 1621 1622 1607)
4(1621 1636 1637 1622)
4(1636 1651 1652 1637)
4(1651 1666 1667 1652)
4(1666 1681 1682 1667)
4(1681 1696 1697 1682)
4(1696 1711 1712 1697)
4(1711 1726 1727 1712)
4(1726 1741 1742 1727)
4(1741 1756 1757 1742)
4(1756 1771 1772 1757)
4(1771 1786 1787 1772)
4(1786 1801 1802 1787)
4(1801 1816 1817 1802)
4(1517 1532 1533 1518)
4(1532 1547 1548 1533)
4(1547 1562 1563 1548)
4(1562 1577 1578 1563)
4(1577 1592 1593 1578)
4(1592 1607 1608 1593)
4(1607 1622 1623 1608)
4(1622 1637 1638 1623)
4(1637 1652 1653 1638)
4(1652 1667 1668 1653)
4(1667 1682 1683 1668)
4(1682 1697 1698 1683)
4(1697 1712 1713 1698)
4(1712 1727 1728 1713)
4(1727 1742 1743 1728)
4(1742 1757 1758 1743)
4(1757 1772 1773 1758)
4(1772 1787 1788 1773)
4(1787 1802 1803 1788)
4(1802 1817 1818 1803)
4(1518 1533 1534 1519)
4(1533 1548 1549 1534)
4(1548 1563 1564 1549)
4(1563 1578 1579 1564)
4(1578 1593 1594 1579)
4(1593 1608 1609 1594)
4(1608 1623 1624 1609)
4(1623 1638 1639 1624)
4(1638 1653 1654 1639)
4(1653 1668 1669 1654)
4(1668 1683 1684 1669)
4(1683 1698 1699 1684)
4(1698 1713 1714 1699)
4(1713 1728 1729 1714)
4(1728 1743 1744 1729)
4(1743 1758 1759 1744)
4(1758 1773 1774 1759)
4(1773 1788 1789 1774)
4(1788 1803 1804 1789)
4(1803 1818 1819 1804)
4(1519 1534 1535 1520)
4(1534 1549 1550 1535)
4(1549 1564 1565 1550)
4(1564 1579 1580 1565)
4(1579 1594 1595 1580)
4(1594 1609 1610 1595)
4(1609 1624 1625 1610)
4(1624 1639 1640 1625)
4(1639 1654 1655 1640)
4(1654 1669 1670 1655)
4(1669 1684 1685 1670)
4(1684 1699 1700 1685)
4(1699 1714 1715 1700)
4(1714 1729 1730 1715)
4(1729 1744 1745 1730)
4(1744 1759 1760 1745)
4(1759 1774 1775 1760)
4(1774 1789 1790 1775)
4(1789 1804 1805 1790)
4(1804 1819 1820 1805)
4(1520 1535 1536 1521)
4(1535 1550 1551 1536)
4(1550 1565 1566 1551)
4(1565 1580 1581 1566)
4(1580 1595 1596 1581)
4(1595 1610 1611 1596)
4(1610 1625 1626 1611)
4(1625 1640 1641 1626)
4(1640 1655 1656 1641)
4(1655 1670 1671 1656)
4(1670 1685 1686 1671)
4(1685 1700 1701 1686)
4(1700 1715 1716 1701)
4(1715 1730 1731 1716)
4(1730 1745 1746 1731)
4(1745 1760 1761 1746)
4(1760 1775 1776 1761)
4(1775 1790 1791 1776)
4(1790 1805 1806 1791)
4(1805 1820 1821 1806)
4(1521 1536 1537 1522)
4(1536 1551 1552 1537)
4(1551 1566 1567 1552)
4(1566 1581 1582 1567)
4(1581 1596 1597 1582)
4(1596 1611 1612 1597)
4(1611 1626 1627 1612)
4(1626 1641 1642 1627)
4(1641 1656 1657 1642)
4(1656 1671 1672 1657)
4(1671 1686 1687 1672)
4(1686 1701 1702 1687)
4(1701 1716 1717 1702)
4(1716 1731 1732 1717)
4(1731 1746 1747 1732)
4(1746 1761 1762 1747)
4(1761 1776 1777 1762)
4(1776 1791 1792 1777)
4(1791 1806 1807 1792)
4(1806 1821 1822 1807)
4(1522 1537 1538 1523)
4(1537 1552 1553 1538)
4(1552 1567 1568 1553)
4(1567 1582 1583 1568)
4(1582 1597 1598 1583)
4(1597 1612 1613 1598)
4(1612 1627 1628 1613)
4(1627 1642 1643 1628)
4(1642 1657 1658 1643)
4(1657 1672 1673 1658)
4(1672 1687 1688 1673)
4(1687 1702 1703 1688)
4(1702 1717 1718 1703)
4(1717 1732 1733 1718)
4(1732 1747 1748 1733)
4(1747 1762 1763 1748)
4(1762 1777 1778 1763)
4(1777 1792 1793 1778)
4(1792 1807 1808 1793)
4(1807 1822 1823 1808)
4(1523 1538 1539 1524)
4(1538 1553 1554 1539)
4(1553 1568 1569 1554)
4(1568 1583 1584 1569)
4(1583 1598 1599 1584)
4(1598 1613 1614 1599)
4(1613 1628 1629 1614)
4(1628 1643 1644 1629)
4(1643 1658 1659 1644)
4(1658 1673 1674 1659)
4(1673 1688 1689 1674)
4(1688 1703 1704 1689)
4(1703 1718 1719 1704)
4(1718 1733 1734 1719)
4(1733 1748 1749 1734)
4(1748 1763 1764 1749)
4(1763 1778 1779 1764)
4(1778 1793 1794 1779)
4(1793 1808 1809 1794)
4(1808 1823 1824 1809)
4(1524 1539 1540 1525)
4(1539 1554 1555 1540)
4(1554 1569 1570 1555)
4(1569 1584 1585 1570)
4(1584 1599 1600 1585)
4(1599 1614 1615 1600)
4(1614 1629 1630 1615)
4(1629 1644 1645 1630)
4(1644 1659 1660 1645)
4(1659 1674 1675 1660)
4(1674 1689 1690 1675)
4(1689 1704 1705 1690)
4(1704 1719 1720 1705)
4(1719 1734 1735 1720)
4(1734 1749 1750 1735)
4(1749 1764 1765 1750)
4(1764 1779 1780 1765)
4(1779 1794 1795 1780)
4(1794 1809 1810 1795)
4(1809 1824 1825 1810)
4(1525 1540 1541 1526)
4(1540 1555 1556 1541)
4(1555 1570 1571 1556)
4(1570 1585 1586 1571)
4(1585 1600 1601 1586)
4(1600 1615 1616 1601)
4(1615 1630 1631 1616)
4(1630 1645 1646 1631)
4(1645 1660 1661 1646)
4(1660 1675 1676 1661)
4(1675 1690 1691 1676)
4(1690 1705 1706 1691)
4(1705 1720 1721 1706)
4(1720 1735 1736 1721)
4(1735 1750 1751 1736)
4(1750 1765 1766 1751)
4(1765 1780 1781 1766)
4(1780 1795 1796 1781)
4(1795 1810 1811 1796)
4(1810 1825 1826 1811)
4(756 757 793 792)
4(792 793 829 828)
4(828 829 865 864)
4(864 865 901 900)
4(900 901 937 936)
4(936 937 973 972)
4(972 973 1009 1008)
4(1008 1009 1045 1044)
4(1044 1045 1081 1080)
4(1080 1081 1117 1116)
4(1116 1117 1153 1152)
4(1152 1153 1189 1188)
4(1188 1189 1225 1224)
4(1224 1225 1261 1260)
4(1260 1261 1297 1296)
4(1296 1297 1333 1332)
4(1332 1333 1369 1368)
4(1368 1369 1405 1404)
4(1404 1405 1441 1440)
4(1440 1441 1477 1476)
4(757 758 794 793)
4(793 794 830 829)
4(829 830 866 865)
4(865 866 902 901)
4(901 902 938 937)
4(937 938 974 973)
4(973 974 1010 1009)
4(1009 1010 1046 1045)
4(1045 1046 1082 1081)
4(1081 1082 1118 1117)
4(1117 1118 1154 1153)
4(1153 1154 1190 1189)
4(1189 1190 1226 1225)
4(1225 1226 1262 1261)
4(1261 1262 1298 1297)
4(1297 1298 1334 1333)
4(1333 1334 1370 1369)
4(1369 1370 1406 1405)
4(1405 1406 1442 1441)
4(1441 1442 1478 1477)
4(758 759 795 794)
4(794 795 831 830)
4(830 831 867 866)
4(866 867 903 902)
4(902 903 939 938)
4(938 939 975 974)
4(974 975 1011 1010)
4(1010 1011 1047 1046)
4(1046 1047 1083 1082)
4(1082 1083 1119 1118)
4(1118 1119 1155 1154)
4(1154 1155 1191 1190)
4(1190 1191 1227 1226)
4(1226 1227 1263 1262)
4(1262 1263 1299 1298)
4(1298 1299 1335 1334)
4(1334 1335 1371 1370)
4(1370 1371 1407 1406)
4(1406 1407 1443 1442)
4(1442 1443 1479 1478)
4(759 760 796 795)
4(795 796 832 831)
4(831 832 868 867)
4(867 868 904 903)
4(903 904 940 939)
4(939 940 976 975)
4(975 976 1012 1011)
4(1011 1012 1048 1047)
4(1047 1048 1084 1083)
4(1083 1084 1120 1119)
4(1119 1120 1156 1155)
4(1155 1156 1192 1191)
4(1191 1192 1228 1227)
4(1227 1228 1264 1263)
4(1263 1264 1300 1299)
4(1299 1300 1336 1335)
4(1335 1336 1372 1371)
4(1371 1372 1408 1407)
4(1407 1408 1444 1443)
4(1443 1444 1480 1479)
4(760 761 797 796)
4(796 797 833 832)
4(832 833 869 868)
4(868 869 905 904)
4(904 905 941 940)
4(940 941 977 976)
4(976 977 1013 1012)
4(1012 1013 1049 1048)
4(1048 1049 1085 1084)
4(1084 1085 1121 1120)
4(1120 1121 1157 1156)
4(1156 1157 1193 1192)
4(1192 1193 1229 1228)
4(1228 1229 1265 1264)
4(1264 1265 1301 1300)
4(1300 1301 1337 1336)
4(1336 1337 1373 1372)
4(1372 1373 1409 1408)
4(1408 1409 1445 1444)
4(1444 1445 1481 1480)
4(761 762 798 797)
4(797 798 834 833)
4(833 834 870 869)
4(869 870 906 905)
4(905 906 942 941)
4(941 942 978 977)
4(977 978 1014 1013)
4(1013 1014 1050 1049)
4(1049 1050 1086 1085)
4(1085 1086 1122 1121)
4(1121 1122 1158 1157)
4(1157 1158 1194 1193)
4(1193 1194 1230 1229)
4(1229 1230 1266 1265)
4(1265 1266 1302 1301)
4(1301 1302 1338 1337)
4(1337 1338 1374 1373)
4(1373 1374 1410 1409)
4(1409 1410 1446 1445)
4(1445 1446 1482 1481)
4(762 763 799 798)
4(798 799 835 834)
4(834 835 871 870)
4(870 871 907 906)
4(906 907 943 942)
4(942 943 979 978)
4(978 979 1015 1014)
4(1014 1015 1051 1050)
4(1050 1051 1087 1086)
4(1086 1087 1123 1122)
4(1122 1123 1159 1158)
4(1158 1159 1195 1194)
4(1194 1195 1231 1230)
4(1230 1231 1267 1266)
4(1266 1267 1303 1302)
4(1302 1303 1339 1338)
4(1338 1339 1375 1374)
4(1374 1375 1411 1410)
4(1410 1411 1447 1446)
4(1446 1447 1483 1482)
4(763 764 800 799)
4(799 800 836 835)
4(835 836 872 871)
4(871 872 908 907)
4(907 908 944 943)
4(943 944 980 979)
4(979 980 1016 1015)
4(1015 1016 1052 1051)
4(1051 1052 1088 1087)
4(1087 1088 1124 1123)
4(1123 1124 1160 1159)
4(1159 1160 1196 1195)
4(1195 1196 1232 1231)
4(1231 1232 1268 1267)
4(1267 1268 1304 1303)
4(1303 1304 1340 1339)
4(1339 1340 1376 1375)
4(1375 1376 1412 1411)
4(1411 1412 1448 1447)
4(1447 1448 1484 1483)
4(764 765 801 800)
4(800 801 837 836)
4(836 837 873 872)
4(872 873 909 908)
4(908 909 945 944)
4(944 945 981 980)
4(980 981 1017 1016)
4(1016 1017 1053 1052)
4(1052 1053 1089 1088)
4(1088 1089 1125 1124)
4(1124 1125 1161 1160)
4(1160 1161 1197 1196)
4(1196 1197 1233 1232)
4(1232 1233 1269 1268)
4(1268 1269 1305 1304)
4(1304 1305 1341 1340)
4(1340 1341 1377 1376)
4(1376 1377 1413 1412)
4(1412 1413 1449 1448)
4(1448 1449 1485 1484)
4(765 766 802 801)
4(801 802 838 837)
4(837 838 874 873)
4(873 874 910 909)
4(909 910 946 945)
4(945 946 982 981)
4(981 982 1018 1017)
4(1017 1018 1054 1053)
4(1053 1054 1090 1089)
4(1089 1090 1126 1125)
4(1125 1126 1162 1161)
4(1161 1162 1198 1197)
4(1197 1198 1234 1233)
4(1233 1234 1270 1269)
4(1269 1270 1306 1305)
4(1305 1306 1342 1341)
4(1341 1342 1378 1377)
4(1377 1378 1414 1413)
4(1413 1414 1450 1449)
4(1449 1450 1486 1485)
4(766 767 803 802)
4(802 803 839 838)
4(838 839 875 874)
4(874 875 911 910)
4(910 911 947 946)
4(946 947 983 982)
4(982 983 1019 1018)
4(1018 1019 1055 1054)
4(1054 1055 1091 1090)
4(1090 1091 1127 1126)
4(1126 1127 1163 1162)
4(1162 1163 1199 1198)
4(1198 1199 1235 1234)
4(1234 1235 1271 1270)
4(1270 1271 1307 1306)
4(1306 1307 1343 1342)
4(1342 1343 1379 1378)
4(1378 1379 1415 1414)
4(1414 1415 1451 1450)
4(1450 1451 1487 1486)
4(767 768 804 803)
4(803 804 840 839)
4(839 840 876 875)
4(875 876 912 911)
4(911 912 948 947)
4(947 948 984 983)
4(983 984 1020 1019)
4(1019 1020 1056 1055)
4(1055 1056 1092 1091)
4(1091 1092 1128 1127)
4(1127 1128 1164 1163)
4(1163 1164 1200 1199)
4(1199 1200 1236 1235)
4(1235 1236 1272 1271)
4(1271 1272 1308 1307)
4(1307 1308 1344 1343)
4(1343 1344 1380 1379)
4(1379 1380 1416 1415)
4(1415 1416 1452 1451)
4(1451 1452 1488 1487)
4(768 769 805 804)
4(804 805 841 840)
4(840 841 877 876)
4(876 877 913 912)
4(912 913 949 948)
4(948 949 985 984)
4(984 985 1021 1020)
4(1020 1021 1057 1056)
4(1056 1057 1093 1092)
4(1092 1093 1129 1128)
4(1128 1129 1165 1164)
4(1164 1165 1201 1200)
4(1200 1201 1237 1236)
4(1236 1237 1273 1272)
4(1272 1273 1309 1308)
4(1308 1309 1345 1344)
4(1344 1345 1381 1380)
4(1380 1381 1417 1416)
4(1416 1417 1453 1452)
4(1452 1453 1489 1488)
4(769 770 806 805)
4(805 806 842 841)
4(841 842 878 877)
4(877 878 914 913)
4(913 914 950 949)
4(949 950 986 985)
4(985 986 1022 1021)
4(1021 1022 1058 1057)
4(1057 1058 1094 1093)
4(1093 1094 1130 1129)
4(1129 1130 1166 1165)
4(1165 1166 1202 1201)
4(1201 1202 1238 1237)
4(1237 1238 1274 1273)
4(1273 1274 1310 1309)
4(1309 1310 1346 1345)
4(1345 1346 1382 1381)
4(1381 1382 1418 1417)
4(1417 1418 1454 1453)
4(1453 1454 1490 1489)
4(770 771 807 806)
4(806 807 843 842)
4(842 843 879 878)
4(878 879 915 914)
4(914 915 951 950)
4(950 951 987 986)
4(986 987 1023 1022)
4(1022 1023 1059 1058)
4(1058 1059 1095 1094)
4(1094 1095 1131 1130)
4(1130 1131 1167 1166)
4(1166 1167 1203 1202)
4(1202 1203 1239 1238)
4(1238 1239 1275 1274)
4(1274 1275 1311 1310)
4(1310 1311 1347 1346)
4(1346 1347 1383 1382)
4(1382 1383 1419 1418)
4(1418 1419 1455 1454)
4(1454 1455 1491 1490)
4(771 772 808 807)
4(807 808 844 843)
4(843 844 880 879)
4(879 880 916 915)
4(915 916 952 951)
4(951 952 988 987)
4(987 988 1024 1023)
4(1023 1024 1060 1059)
4(1059 1060 1096 1095)
4(1095 1096 1132 1131)
4(1131 1132 1168 1167)
4(1167 1168 1204 1203)
4(1203 1204 1240 1239)
4(1239 1240 1276 1275)
4(1275 1276 1312 1311)
4(1311 1312 1348 1347)
4(1347 1348 1384 1383)
4(1383 1384 1420 1419)
4(1419 1420 1456 1455)
4(1455 1456 1492 1491)
4(772 773 809 808)
4(808 809 845 844)
4(844 845 881 880)
4(880 881 917 916)
4(916 917 953 952)
4(952 953 989 988)
4(988 989 1025 1024)
4(1024 1025 1061 1060)
4(1060 1061 1097 1096)
4(1096 1097 1133 1132)
4(1132 1133 1169 1168)
4(1168 1169 1205 1204)
4(1204 1205 1241 1240)
4(1240 1241 1277 1276)
4(1276 1277 1313 1312)
4(1312 1313 1349 1348)
4(1348 1349 1385 1384)
4(1384 1385 1421 1420)
4(1420 1421 1457 1456)
4(1456 1457 1493 1492)
4(773 774 810 809)
4(809 810 846 845)
4(845 846 882 881)
4(881 882 918 917)
4(917 918 954 953)
4(953 954 990 989)
4(989 990 1026 1025)
4(1025 1026 1062 1061)
4(1061 1062 1098 1097)
4(1097 1098 1134 1133)
4(1133 1134 1170 1169)
4(1169 1170 1206 1205)
4(1205 1206 1242 1241)
4(1241 1242 1278 1277)
4(1277 1278 1314 1313)
4(1313 1314 1350 1349)
4(1349 1350 1386 1385)
4(1385 1386 1422 1421)
4(1421 1422 1458 1457)
4(1457 1458 1494 1493)
4(774 775 811 810)
4(810 811 847 846)
4(846 847 883 882)
4(882 883 919 918)
4(918 919 955 954)
4(954 955 991 990)
4(990 991 1027 1026)
4(1026 1027 1063 1062)
4(1062 1063 1099 1098)
4(1098 1099 1135 1134)
4(1134 1135 1171 1170)
4(1170 1171 1207 1206)
4(1206 1207 1243 1242)
4(1242 1243 1279 1278)
4(1278 1279 1315 1314)
4(1314 1315 1351 1350)
4(1350 1351 1387 1386)
4(1386 1387 1423 1422)
4(1422 1423 1459 1458)
4(1458 1459 1495 1494)
4(775 776 812 811)
4(811 812 848 847)
4(847 848 884 883)
4(883 884 920 919)
4(919 920 956 955)
4(955 956 992 991)
4(991 992 1028 1027)
4(1027 1028 1064 1063)
4(1063 1064 1100 1099)
4(1099 1100 1136 1135)
4(1135 1136 1172 1171)
4(1171 1172 1208 1207)
4(1207 1208 1244 1243)
4(1243 1244 1280 1279)
4(1279 1280 1316 1315)
4(1315 1316 1352 1351)
4(1351 1352 1388 1387)
4(1387 1388 1424 1423)
4(1423 1424 1460 1459)
4(1459 1460 1496 1495)
4(776 777 813 812)
4(812 813 849 848)
4(848 849 885 884)
4(884 885 921 920)
4(920 921 957 956)
4(956 957 993 992)
4(992 993 1029 1028)
4(1028 1029 1065 1064)
4(1064 1065 1101 1100)
4(1100 1101 1137 1136)
4(1136 1137 1173 1172)
4(1172 1173 1209 1208)
4(1208 1209 1245 1244)
4(1244 1245 1281 1280)
4(1280 1281 1317 1316)
4(1316 1317 1353 1352)
4(1352 1353 1389 1388)
4(1388 1389 1425 1424)
4(1424 1425 1461 1460)
4(1460 1461 1497 1496)
4(777 778 814 813)
4(813 814 850 849)
4(849 850 886 885)
4(885 886 922 921)
4(921 922 958 957)
4(957 958 994 993)
4(993 994 1030 1029)
4(1029 1030 1066 1065)
4(1065 1066 1102 1101)
4(1101 1102 1138 1137)
4(1137 1138 1174 1173)
4(1173 1174 1210 1209)
4(1209 1210 1246 1245)
4(1245 1246 1282 1281)
4(1281 1282 1318 1317)
4(1317 1318 1354 1353)
4(1353 1354 1390 1389)
4(1389 1390 1426 1425)
4(1425 1426 1462 1461)
4(1461 1462 1498 1497)
4(778 779 815 814)
4(814 815 851 850)
4(850 851 887 886)
4(886 887 923 922)
4(922 923 959 958)
4(958 959 995 994)
4(994 995 1031 1030)
4(1030 1031 1067 1066)
4(1066 1067 1103 1102)
4(1102 1103 1139 1138)
4(1138 1139 1175 1174)
4(1174 1175 1211 1210)
4(1210 1211 1247 1246)
4(1246 1247 1283 1282)
4(1282 1283 1319 1318)
4(1318 1319 1355 1354)
4(1354 1355 1391 1390)
4(1390 1391 1427 1426)
4(1426 1427 1463 1462)
4(1462 1463 1499 1498)
4(779 780 816 815)
4(815 816 852 851)
4(851 852 888 887)
4(887 888 924 923)
4(923 924 960 959)
4(959 960 996 995)
4(995 996 1032 1031)
4(1031 1032 1068 1067)
4(1067 1068 1104 1103)
4(1103 1104 1140 1139)
4(1139 1140 1176 1175)
4(1175 1176 1212 1211)
4(1211 1212 1248 1247)
4(1247 1248 1284 1283)
4(1283 1284 1320 1319)
4(1319 1320 1356 1355)
4(1355 1356 1392 1391)
4(1391 1392 1428 1427)
4(1427 1428 1464 1463)
4(1463 1464 1500 1499)
4(780 781 817 816)
4(816 817 853 852)
4(852 853 889 888)
4(888 889 925 924)
4(924 925 961 960)
4(960 961 997 996)
4(996 997 1033 1032)
4(1032 1033 1069 1068)
4(1068 1069 1105 1104)
4(1104 1105 1141 1140)
4(1140 1141 1177 1176)
4(1176 1177 1213 1212)
4(1212 1213 1249 1248)
4(1248 1249 1285 1284)
4(1284 1285 1321 1320)
4(1320 1321 1357 1356)
4(1356 1357 1393 1392)
4(1392 1393 1429 1428)
4(1428 1429 1465 1464)
4(1464 1465 1501 1500)
4(781 782 818 817)
4(817 818 854 853)
4(853 854 890 889)
4(889 890 926 925)
4(925 926 962 961)
4(961 962 998 997)
4(997 998 1034 1033)
4(1033 1034 1070 1069)
4(1069 1070 1106 1105)
4(1105 1106 1142 1141)
4(1141 1142 1178 1177)
4(1177 1178 1214 1213)
4(1213 1214 1250 1249)
4(1249 1250 1286 1285)
4(1285 1286 1322 1321)
4(1321 1322 1358 1357)
4(1357 1358 1394 1393)
4(1393 1394 1430 1429)
4(1429 1430 1466 1465)
4(1465 1466 1502 1501)
4(782 783 819 818)
4(818 819 855 854)
4(854 855 891 890)
4(890 891 927 926)
4(926 927 963 962)
4(962 963 999 998)
4(998 999 1035 1034)
4(1034 1035 1071 1070)
4(1070 1071 1107 1106)
4(1106 1107 1143 1142)
4(1142 1143 1179 1178)
4(1178 1179 1215 1214)
4(1214 1215 1251 1250)
4(1250 1251 1287 1286)
4(1286 1287 1323 1322)
4(1322 1323 1359 1358)
4(1358 1359 1395 1394)
4(1394 1395 1431 1430)
4(1430 1431 1467 1466)
4(1466 1467 1503 1502)
4(783 784 820 819)
4(819 820 856 855)
4(855 856 892 891)
4(891 892 928 927)
4(927 928 964 963)
4(963 964 1000 999)
4(999 1000 1036 1035)
4(1035 1036 1072 1071)
4(1071 1072 1108 1107)
4(1107 1108 1144 1143)
4(1143 1144 1180 1179)
4(1179 1180 1216 1215)
4(1215 1216 1252 1251)
4(1251 1252 1288 1287)
4(1287 1288 1324 1323)
4(1323 1324 1360 1359)
4(1359 1360 1396 1395)
4(1395 1396 1432 1431)
4(1431 1432 1468 1467)
4(1467 1468 1504 1503)
4(784 785 821 820)
4(820 821 857 856)
4(856 857 893 892)
4(892 893 929 928)
4(928 929 965 964)
4(964 965 1001 1000)
4(1000 1001 1037 1036)
4(1036 1037 1073 1072)
4(1072 1073 1109 1108)
4(1108 1109 1145 1144)
4(1144 1145 1181 1180)
4(1180 1181 1217 1216)
4(1216 1217 1253 1252)
4(1252 1253 1289 1288)
4(1288 1289 1325 1324)
4(1324 1325 1361 1360)
4(1360 1361 1397 1396)
4(1396 1397 1433 1432)
4(1432 1433 1469 1468)
4(1468 1469 1505 1504)
4(785 786 822 821)
4(821 822 858 857)
4(857 858 894 893)
4(893 894 930 929)
4(929 930 966 965)
4(965 966 1002 1001)
4(1001 1002 1038 1037)
4(1037 1038 1074 1073)
4(1073 1074 1110 1109)
4(1109 1110 1146 1145)
4(1145 1146 1182 1181)
4(1181 1182 1218 1217)
4(1217 1218 1254 1253)
4(1253 1254 1290 1289)
4(1289 1290 1326 1325)
4(1325 1326 1362 1361)
4(1361 1362 1398 1397)
4(1397 1398 1434 1433)
4(1433 1434 1470 1469)
4(1469 1470 1506 1505)
4(786 787 823 822)
4(822 823 859 858)
4(858 859 895 894)
4(894 895 931 930)
4(930 931 967 966)
4(966 967 1003 1002)
4(1002 1003 1039 1038)
4(1038 1039 1075 1074)
4(1074 1075 1111 1110)
4(1110 1111 1147 1146)
4(1146 1147 1183 1182)
4(1182 1183 1219 1218)
4(1218 1219 1255 1254)
4(1254 1255 1291 1290)
4(1290 1291 1327 1326)
4(1326 1327 1363 1362)
4(1362 1363 1399 1398)
4(1398 1399 1435 1434)
4(1434 1435 1471 1470)
4(1470 1471 1507 1506)
4(787 788 824 823)
4(823 824 860 859)
4(859 860 896 895)
4(895 896 932 931)
4(931 932 968 967)
4(967 968 1004 1003)
4(1003 1004 1040 1039)
4(1039 1040 1076 1075)
4(1075 1076 1112 1111)
4(1111 1112 1148 1147)
4(1147 1148 1184 1183)
4(1183 1184 1220 1219)
4(1219 1220 1256 1255)
4(1255 1256 1292 1291)
4(1291 1292 1328 1327)
4(1327 1328 1364 1363)
4(1363 1364 1400 1399)
4(1399 1400 1436 1435)
4(1435 1436 1472 1471)
4(1471 1472 1508 1507)
4(788 789 825 824)
4(824 825 861 860)
4(860 861 897 896)
4(896 897 933 932)
4(932 933 969 968)
4(968 969 1005 1004)
4(1004 1005 1041 1040)
4(1040 1041 1077 1076)
4(1076 1077 1113 1112)
4(1112 1113 1149 1148)
4(1148 1149 1185 1184)
4(1184 1185 1221 1220)
4(1220 1221 1257 1256)
4(1256 1257 1293 1292)
4(1292 1293 1329 1328)
4(1328 1329 1365 1364)
4(1364 1365 1401 1400)
4(1400 1401 1437 1436)
4(1436 1437 1473 1472)
4(1472 1473 1509 1508)
4(789 790 826 825)
4(825 826 862 861)
4(861 862 898 897)
4(897 898 934 933)
4(933 934 970 969)
4(969 970 1006 1005)
4(1005 1006 1042 1041)
4(1041 1042 1078 1077)
4(1077 1078 1114 1113)
4(1113 1114 1150 1149)
4(1149 1150 1186 1185)
4(1185 1186 1222 1221)
4(1221 1222 1258 1257)
4(1257 1258 1294 1293)
4(1293 1294 1330 1329)
4(1329 1330 1366 1365)
4(1365 1366 1402 1401)
4(1401 1402 1438 1437)
4(1437 1438 1474 1473)
4(1473 1474 1510 1509)
4(790 791 827 826)
4(826 827 863 862)
4(862 863 899 898)
4(898 899 935 934)
4(934 935 971 970)
4(970 971 1007 1006)
4(1006 1007 1043 1042)
4(1042 1043 1079 1078)
4(1078 1079 1115 1114)
4(1114 1115 1151 1150)
4(1150 1151 1187 1186)
4(1186 1187 1223 1222)
4(1222 1223 1259 1258)
4(1258 1259 1295 1294)
4(1294 1295 1331 1330)
4(1330 1331 1367 1366)
4(1366 1367 1403 1402)
4(1402 1403 1439 1438)
4(1438 1439 1475 1474)
4(1474 1475 1511 1510)
4(791 1827 1842 827)
4(827 1842 1857 863)
4(863 1857 1872 899)
4(899 1872 1887 935)
4(935 1887 1902 971)
4(971 1902 1917 1007)
4(1007 1917 1932 1043)
4(1043 1932 1947 1079)
4(1079 1947 1962 1115)
4(1115 1962 1977 1151)
4(1151 1977 1992 1187)
4(1187 1992 2007 1223)
4(1223 2007 2022 1259)
4(1259 2022 2037 1295)
4(1295 2037 2052 1331)
4(1331 2052 2067 1367)
4(1367 2067 2082 1403)
4(1403 2082 2097 1439)
4(1439 2097 2112 1475)
4(1475 2112 2127 1511)
4(1827 1828 1843 1842)
4(1842 1843 1858 1857)
4(1857 1858 1873 1872)
4(1872 1873 1888 1887)
4(1887 1888 1903 1902)
4(1902 1903 1918 1917)
4(1917 1918 1933 1932)
4(1932 1933 1948 1947)
4(1947 1948 1963 1962)
4(1962 1963 1978 1977)
4(1977 1978 1993 1992)
4(1992 1993 2008 2007)
4(2007 2008 2023 2022)
4(2022 2023 2038 2037)
4(2037 2038 2053 2052)
4(2052 2053 2068 2067)
4(2067 2068 2083 2082)
4(2082 2083 2098 2097)
4(2097 2098 2113 2112)
4(2112 2113 2128 2127)
4(1828 1829 1844 1843)
4(1843 1844 1859 1858)
4(1858 1859 1874 1873)
4(1873 1874 1889 1888)
4(1888 1889 1904 1903)
4(1903 1904 1919 1918)
4(1918 1919 1934 1933)
4(1933 1934 1949 1948)
4(1948 1949 1964 1963)
4(1963 1964 1979 1978)
4(1978 1979 1994 1993)
4(1993 1994 2009 2008)
4(2008 2009 2024 2023)
4(2023 2024 2039 2038)
4(2038 2039 2054 2053)
4(2053 2054 2069 2068)
4(2068 2069 2084 2083)
4(2083 2084 2099 2098)
4(2098 2099 2114 2113)
4(2113 2114 2129 2128)
4(1829 1830 1845 1844)
4(1844 1845 1860 1859)
4(1859 1860 1875 1874)
4(1874 1875 1890 1889)
4(1889 1890 1905 1904)
4(1904 1905 1920 1919)
4(1919 1920 1935 1934)
4(1934 1935 1950 1949)
4(1949 1950 1965 1964)
4(1964 1965 1980 1979)
4(1979 1980 1995 1994)
4(1994 1995 2010 2009)
4(2009 2010 2025 2024)
4(2024 2025 2040 2039)
4(2039 2040 2055 2054)
4(2054 2055 2070 2069)
4(2069 2070 2085 2084)
4(2084 2085 2100 2099)
4(2099 2100 2115 2114)
4(2114 2115 2130 2129)
4(1830 1831 1846 1845)
4(1845 1846 1861 1860)
4(1860 1861 1876 1875)
4(1875 1876 1891 1890)
4(1890 1891 1906 1905)
4(1905 1906 1921 1920)
4(1920 1921 1936 1935)
4(1935 1936 1951 1950)
4(1950 1951 1966 1965)
4(1965 1966 1981 1980)
4(1980 1981 1996 1995)
4(1995 1996 2011 2010)
4(2010 2011 2026 2025)
4(2025 2026 2041 2040)
4(2040 2041 2056 2055)
4(2055 2056 2071 2070)
4(2070 2071 2086 2085)
4(2085 2086 2101 2100)
4(2100 2101 2116 2115)
4(2115 2116 2131 2130)
4(1831 1832 1847 1846)
4(1846 1847 1862 1861)
4(1861 1862 1877 1876)
4(1876 1877 1892 1891)
4(1891 1892 1907 1906)
4(1906 1907 1922 1921)
4(1921 1922 1937 1936)
4(1936 1937 1952 1951)
4(1951 1952 1967 1966)
4(1966 1967 1982 1981)
4(1981 1982 1997 1996)
4(1996 1997 2012 2011)
4(2011 2012 2027 2026)
4(2026 2027 2042 2041)
4(2041 2042 2057 2056)
4(2056 2057 2072 2071)
4(2071 2072 2087 2086)
4(2086 2087 2102 2101)
4(2101 2102 2117 2116)
4(2116 2117 2132 2131)
4(1832 1833 1848 1847)
4(1847 1848 1863 1862)
4(1862 1863 1878 1877)
4(1877 1878 1893 1892)
4(1892 1893 1908 1907)
4(1907 1908 1923 1922)
4(1922 1923 1938 1937)
4(1937 1938 1953 1952)
4(1952 1953 1968 1967)
4(1967 1968 1983 1982)
4(1982 1983 1998 1997)
4(1997 1998 2013 2012)
4(2012 2013 2028 2027)
4(2027 2028 2043 2042)
4(2042 2043 2058 2057)
4(2057 2058 2073 2072)
4(2072 2073 2088 2087)
4(2087 2088 2103 2102)
4(2102 2103 2118 2117)
4(2117 2118 2133 2132)
4(1833 1834 1849 1848)
4(1848 1849 1864 1863)
4(1863 1864 1879 1878)
4(1878 1879 1894 1893)
4(1893 1894 1909 1908)
4(1908 1909 1924 1923)
4(1923 1924 1939 1938)
4(1938 1939 1954 1953)
4(1953 1954 1969 1968)
4(1968 1969 1984 1983)
4(1983 1984 1999 1998)
4(1998 1999 2014 2013)
4(2013 2014 2029 2028)
4(2028 2029 2044 2043)
4(2043 2044 2059 2058)
4(2058 2059 2074 2073)
4(2073 2074 2089 2088)
4(2088 2089 2104 2103)
4(2103 2104 2119 2118)
4(2118 2119 2134 2133)
4(1834 1835 1850 1849)
4(1849 1850 1865 1864)
4(1864 1865 1880 1879)
4(1879 1880 1895 1894)
4(1894 1895 1910 1909)
4(1909 1910 1925 1924)
4(1924 1925 1940 1939)
4(1939 1940 1955 1954)
4(1954 1955 1970 1969)
4(1969 1970 1985 1984)
4(1984 1985 2000 1999)
4(1999 2000 2015 2014)
4(2014 2015 2030 2029)
4(2029 2030 2045 2044)
4(2044 2045 2060 2059)
4(2059 2060 2075 2074)
4(2074 2075 2090 2089)
4(2089 2090 2105 2104)
4(2104 2105 2120 2119)
4(2119 2120 2135 2134)
4(1835 1836 1851 1850)
4(1850 1851 1866 1865)
4(1865 1866 1881 1880)
4(1880 1881 1896 1895)
4(1895 1896 1911 1910)
4(1910 1911 1926 1925)
4(1925 1926 1941 1940)
4(1940 1941 1956 1955)
4(1955 1956 1971 1970)
4(1970 1971 1986 1985)
4(1985 1986 2001 2000)
4(2000 2001 2016 2015)
4(2015 2016 2031 2030)
4(2030 2031 2046 2045)
4(2045 2046 2061 2060)
4(2060 2061 2076 2075)
4(2075 2076 2091 2090)
4(2090 2091 2106 2105)
4(2105 2106 2121 2120)
4(2120 2121 2136 2135)
4(1836 1837 1852 1851)
4(1851 1852 1867 1866)
4(1866 1867 1882 1881)
4(1881 1882 1897 1896)
4(1896 1897 1912 1911)
4(1911 1912 1927 1926)
4(1926 1927 1942 1941)
4(1941 1942 1957 1956)
4(1956 1957 1972 1971)
4(1971 1972 1987 1986)
4(1986 1987 2002 2001)
4(2001 2002 2017 2016)
4(2016 2017 2032 2031)
4(2031 2032 2047 2046)
4(2046 2047 2062 2061)
4(2061 2062 2077 2076)
4(2076 2077 2092 2091)
4(2091 2092 2107 2106)
4(2106 2107 2122 2121)
4(2121 2122 2137 2136)
4(1837 1838 1853 1852)
4(1852 1853 1868 1867)
4(1867 1868 1883 1882)
4(1882 1883 1898 1897)
4(1897 1898 1913 1912)
4(1912 1913 1928 1927)
4(1927 1928 1943 1942)
4(1942 1943 1958 1957)
4(1957 1958 1973 1972)
4(1972 1973 1988 1987)
4(1987 1988 2003 2002)
4(2002 2003 2018 2017)
4(2017 2018 2033 2032)
4(2032 2033 2048 2047)
4(2047 2048 2063 2062)
4(2062 2063 2078 2077)
4(2077 2078 2093 2092)
4(2092 2093 2108 2107)
4(2107 2108 2123 2122)
4(2122 2123 2138 2137)
4(1838 1839 1854 1853)
4(1853 1854 1869 1868)
4(1868 1869 1884 1883)
4(1883 1884 1899 1898)
4(1898 1899 1914 1913)
4(1913 1914 1929 1928)
4(1928 1929 1944 1943)
4(1943 1944 1959 1958)
4(1958 1959 1974 1973)
4(1973 1974 1989 1988)
4(1988 1989 2004 2003)
4(2003 2004 2019 2018)
4(2018 2019 2034 2033)
4(2033 2034 2049 2048)
4(2048 2049 2064 2063)
4(2063 2064 2079 2078)
4(2078 2079 2094 2093)
4(2093 2094 2109 2108)
4(2108 2109 2124 2123)
4(2123 2124 2139 2138)
4(1839 1840 1855 1854)
4(1854 1855 1870 1869)
4(1869 1870 1885 1884)
4(1884 1885 1900 1899)
4(1899 1900 1915 1914)
4(1914 1915 1930 1929)
4(1929 1930 1945 1944)
4(1944 1945 1960 1959)
4(1959 1960 1975 1974)
4(1974 1975 1990 1989)
4(1989 1990 2005 2004)
4(2004 2005 2020 2019)
4(2019 2020 2035 2034)
4(2034 2035 2050 2049)
4(2049 2050 2065 2064)
4(2064 2065 2080 2079)
4(2079 2080 2095 2094)
4(2094 2095 2110 2109)
4(2109 2110 2125 2124)
4(2124 2125 2140 2139)
4(1840 1841 1856 1855)
4(1855 1856 1871 1870)
4(1870 1871 1886 1885)
4(1885 1886 1901 1900)
4(1900 1901 1916 1915)
4(1915 1916 1931 1930)
4(1930 1931 1946 1945)
4(1945 1946 1961 1960)
4(1960 1961 1976 1975)
4(1975 1976 1991 1990)
4(1990 1991 2006 2005)
4(2005 2006 2021 2020)
4(2020 2021 2036 2035)
4(2035 2036 2051 2050)
4(2050 2051 2066 2065)
4(2065 2066 2081 2080)
4(2080 2081 2096 2095)
4(2095 2096 2111 2110)
4(2110 2111 2126 2125)
4(2125 2126 2141 2140)
)


// ************************************************************************* //
