/*--------------------------------*- C++ -*----------------------------------*\
  =========                 |
  \\      /  F ield         | OpenFOAM: The Open Source CFD Toolbox
   \\    /   O peration     | Website:  https://openfoam.org
    \\  /    A nd           | Version:  8
     \\/     M anipulation  |
\*---------------------------------------------------------------------------*/
FoamFile
{
    version     2.0;
    format      ascii;
    class       labelList;
    note        "nPoints: 2142 nCells: 1000 nFaces: 4070 nInternalFaces: 1930";
    location    "constant/polyMesh";
    object      neighbour;
}
// * * * * * * * * * * * * * * * * * * * * * * * * * * * * * * * * * * * * * //


1930
(
1
35
2
36
3
37
4
38
5
39
6
40
7
41
8
42
9
43
10
44
11
45
12
46
13
47
14
48
15
49
16
50
17
51
18
52
19
53
20
54
21
55
22
56
23
57
24
58
25
59
26
60
27
61
28
62
29
63
30
64
31
65
32
66
33
67
34
68
69
700
36
70
37
71
38
72
39
73
40
74
41
75
42
76
43
77
44
78
45
79
46
80
47
81
48
82
49
83
50
84
51
85
52
86
53
87
54
88
55
89
56
90
57
91
58
92
59
93
60
94
61
95
62
96
63
97
64
98
65
99
66
100
67
101
68
102
69
103
104
715
71
105
72
106
73
107
74
108
75
109
76
110
77
111
78
112
79
113
80
114
81
115
82
116
83
117
84
118
85
119
86
120
87
121
88
122
89
123
90
124
91
125
92
126
93
127
94
128
95
129
96
130
97
131
98
132
99
133
100
134
101
135
102
136
103
137
104
138
139
730
106
140
107
141
108
142
109
143
110
144
111
145
112
146
113
147
114
148
115
149
116
150
117
151
118
152
119
153
120
154
121
155
122
156
123
157
124
158
125
159
126
160
127
161
128
162
129
163
130
164
131
165
132
166
133
167
134
168
135
169
136
170
137
171
138
172
139
173
174
745
141
175
142
176
143
177
144
178
145
179
146
180
147
181
148
182
149
183
150
184
151
185
152
186
153
187
154
188
155
189
156
190
157
191
158
192
159
193
160
194
161
195
162
196
163
197
164
198
165
199
166
200
167
201
168
202
169
203
170
204
171
205
172
206
173
207
174
208
209
760
176
210
177
211
178
212
179
213
180
214
181
215
182
216
183
217
184
218
185
219
186
220
187
221
188
222
189
223
190
224
191
225
192
226
193
227
194
228
195
229
196
230
197
231
198
232
199
233
200
234
201
235
202
236
203
237
204
238
205
239
206
240
207
241
208
242
209
243
244
775
211
245
212
246
213
247
214
248
215
249
216
250
217
251
218
252
219
253
220
254
221
255
222
256
223
257
224
258
225
259
226
260
227
261
228
262
229
263
230
264
231
265
232
266
233
267
234
268
235
269
236
270
237
271
238
272
239
273
240
274
241
275
242
276
243
277
244
278
279
790
246
280
247
281
248
282
249
283
250
284
251
285
252
286
253
287
254
288
255
289
256
290
257
291
258
292
259
293
260
294
261
295
262
296
263
297
264
298
265
299
266
300
267
301
268
302
269
303
270
304
271
305
272
306
273
307
274
308
275
309
276
310
277
311
278
312
279
313
314
805
281
315
282
316
283
317
284
318
285
319
286
320
287
321
288
322
289
323
290
324
291
325
292
326
293
327
294
328
295
329
296
330
297
331
298
332
299
333
300
334
301
335
302
336
303
337
304
338
305
339
306
340
307
341
308
342
309
343
310
344
311
345
312
346
313
347
314
348
349
820
316
350
317
351
318
352
319
353
320
354
321
355
322
356
323
357
324
358
325
359
326
360
327
361
328
362
329
363
330
364
331
365
332
366
333
367
334
368
335
369
336
370
337
371
338
372
339
373
340
374
341
375
342
376
343
377
344
378
345
379
346
380
347
381
348
382
349
383
384
835
351
385
352
386
353
387
354
388
355
389
356
390
357
391
358
392
359
393
360
394
361
395
362
396
363
397
364
398
365
399
366
400
367
401
368
402
369
403
370
404
371
405
372
406
373
407
374
408
375
409
376
410
377
411
378
412
379
413
380
414
381
415
382
416
383
417
384
418
419
850
386
420
387
421
388
422
389
423
390
424
391
425
392
426
393
427
394
428
395
429
396
430
397
431
398
432
399
433
400
434
401
435
402
436
403
437
404
438
405
439
406
440
407
441
408
442
409
443
410
444
411
445
412
446
413
447
414
448
415
449
416
450
417
451
418
452
419
453
454
865
421
455
422
456
423
457
424
458
425
459
426
460
427
461
428
462
429
463
430
464
431
465
432
466
433
467
434
468
435
469
436
470
437
471
438
472
439
473
440
474
441
475
442
476
443
477
444
478
445
479
446
480
447
481
448
482
449
483
450
484
451
485
452
486
453
487
454
488
489
880
456
490
457
491
458
492
459
493
460
494
461
495
462
496
463
497
464
498
465
499
466
500
467
501
468
502
469
503
470
504
471
505
472
506
473
507
474
508
475
509
476
510
477
511
478
512
479
513
480
514
481
515
482
516
483
517
484
518
485
519
486
520
487
521
488
522
489
523
524
895
491
525
492
526
493
527
494
528
495
529
496
530
497
531
498
532
499
533
500
534
501
535
502
536
503
537
504
538
505
539
506
540
507
541
508
542
509
543
510
544
511
545
512
546
513
547
514
548
515
549
516
550
517
551
518
552
519
553
520
554
521
555
522
556
523
557
524
558
559
910
526
560
527
561
528
562
529
563
530
564
531
565
532
566
533
567
534
568
535
569
536
570
537
571
538
572
539
573
540
574
541
575
542
576
543
577
544
578
545
579
546
580
547
581
548
582
549
583
550
584
551
585
552
586
553
587
554
588
555
589
556
590
557
591
558
592
559
593
594
925
561
595
562
596
563
597
564
598
565
599
566
600
567
601
568
602
569
603
570
604
571
605
572
606
573
607
574
608
575
609
576
610
577
611
578
612
579
613
580
614
581
615
582
616
583
617
584
618
585
619
586
620
587
621
588
622
589
623
590
624
591
625
592
626
593
627
594
628
629
940
596
630
597
631
598
632
599
633
600
634
601
635
602
636
603
637
604
638
605
639
606
640
607
641
608
642
609
643
610
644
611
645
612
646
613
647
614
648
615
649
616
650
617
651
618
652
619
653
620
654
621
655
622
656
623
657
624
658
625
659
626
660
627
661
628
662
629
663
664
955
631
665
632
666
633
667
634
668
635
669
636
670
637
671
638
672
639
673
640
674
641
675
642
676
643
677
644
678
645
679
646
680
647
681
648
682
649
683
650
684
651
685
652
686
653
687
654
688
655
689
656
690
657
691
658
692
659
693
660
694
661
695
662
696
663
697
664
698
699
970
666
667
668
669
670
671
672
673
674
675
676
677
678
679
680
681
682
683
684
685
686
687
688
689
690
691
692
693
694
695
696
697
698
699
985
701
715
702
716
703
717
704
718
705
719
706
720
707
721
708
722
709
723
710
724
711
725
712
726
713
727
714
728
729
716
730
717
731
718
732
719
733
720
734
721
735
722
736
723
737
724
738
725
739
726
740
727
741
728
742
729
743
744
731
745
732
746
733
747
734
748
735
749
736
750
737
751
738
752
739
753
740
754
741
755
742
756
743
757
744
758
759
746
760
747
761
748
762
749
763
750
764
751
765
752
766
753
767
754
768
755
769
756
770
757
771
758
772
759
773
774
761
775
762
776
763
777
764
778
765
779
766
780
767
781
768
782
769
783
770
784
771
785
772
786
773
787
774
788
789
776
790
777
791
778
792
779
793
780
794
781
795
782
796
783
797
784
798
785
799
786
800
787
801
788
802
789
803
804
791
805
792
806
793
807
794
808
795
809
796
810
797
811
798
812
799
813
800
814
801
815
802
816
803
817
804
818
819
806
820
807
821
808
822
809
823
810
824
811
825
812
826
813
827
814
828
815
829
816
830
817
831
818
832
819
833
834
821
835
822
836
823
837
824
838
825
839
826
840
827
841
828
842
829
843
830
844
831
845
832
846
833
847
834
848
849
836
850
837
851
838
852
839
853
840
854
841
855
842
856
843
857
844
858
845
859
846
860
847
861
848
862
849
863
864
851
865
852
866
853
867
854
868
855
869
856
870
857
871
858
872
859
873
860
874
861
875
862
876
863
877
864
878
879
866
880
867
881
868
882
869
883
870
884
871
885
872
886
873
887
874
888
875
889
876
890
877
891
878
892
879
893
894
881
895
882
896
883
897
884
898
885
899
886
900
887
901
888
902
889
903
890
904
891
905
892
906
893
907
894
908
909
896
910
897
911
898
912
899
913
900
914
901
915
902
916
903
917
904
918
905
919
906
920
907
921
908
922
909
923
924
911
925
912
926
913
927
914
928
915
929
916
930
917
931
918
932
919
933
920
934
921
935
922
936
923
937
924
938
939
926
940
927
941
928
942
929
943
930
944
931
945
932
946
933
947
934
948
935
949
936
950
937
951
938
952
939
953
954
941
955
942
956
943
957
944
958
945
959
946
960
947
961
948
962
949
963
950
964
951
965
952
966
953
967
954
968
969
956
970
957
971
958
972
959
973
960
974
961
975
962
976
963
977
964
978
965
979
966
980
967
981
968
982
969
983
984
971
985
972
986
973
987
974
988
975
989
976
990
977
991
978
992
979
993
980
994
981
995
982
996
983
997
984
998
999
986
987
988
989
990
991
992
993
994
995
996
997
998
999
)


// ************************************************************************* //
