/*--------------------------------*- C++ -*----------------------------------*\
  =========                 |
  \\      /  F ield         | OpenFOAM: The Open Source CFD Toolbox
   \\    /   O peration     | Website:  https://openfoam.org
    \\  /    A nd           | Version:  8
     \\/     M anipulation  |
\*---------------------------------------------------------------------------*/
FoamFile
{
    version     2.0;
    format      ascii;
    class       vectorField;
    location    "constant/polyMesh";
    object      points;
}
// * * * * * * * * * * * * * * * * * * * * * * * * * * * * * * * * * * * * * //


2142
(
(0 0 -0.05)
(0.02 0 -0.05)
(0.04 0 -0.05)
(0.06 0 -0.05)
(0.08 0 -0.05)
(0.1 0 -0.05)
(0.12 0 -0.05)
(0.14 0 -0.05)
(0.16 0 -0.05)
(0.18 0 -0.05)
(0.2 0 -0.05)
(0.22 0 -0.05)
(0.24 0 -0.05)
(0.26 0 -0.05)
(0.28 0 -0.05)
(0.3 0 -0.05)
(0.32 0 -0.05)
(0.34 0 -0.05)
(0.36 0 -0.05)
(0.38 0 -0.05)
(0.4 0 -0.05)
(0.42 0 -0.05)
(0.44 0 -0.05)
(0.46 0 -0.05)
(0.48 0 -0.05)
(0.5 0 -0.05)
(0.52 0 -0.05)
(0.54 0 -0.05)
(0.56 0 -0.05)
(0.58 0 -0.05)
(0.6 0 -0.05)
(0.62 0 -0.05)
(0.64 0 -0.05)
(0.66 0 -0.05)
(0.68 0 -0.05)
(0.7 0 -0.05)
(0 0.02 -0.05)
(0.02 0.02 -0.05)
(0.04 0.02 -0.05)
(0.06 0.02 -0.05)
(0.08 0.02 -0.05)
(0.1 0.02 -0.05)
(0.12 0.02 -0.05)
(0.14 0.02 -0.05)
(0.16 0.02 -0.05)
(0.18 0.02 -0.05)
(0.2 0.02 -0.05)
(0.22 0.02 -0.05)
(0.24 0.02 -0.05)
(0.26 0.02 -0.05)
(0.28 0.02 -0.05)
(0.3 0.02 -0.05)
(0.32 0.02 -0.05)
(0.34 0.02 -0.05)
(0.36 0.02 -0.05)
(0.38 0.02 -0.05)
(0.4 0.02 -0.05)
(0.42 0.02 -0.05)
(0.44 0.02 -0.05)
(0.46 0.02 -0.05)
(0.48 0.02 -0.05)
(0.5 0.02 -0.05)
(0.52 0.02 -0.05)
(0.54 0.02 -0.05)
(0.56 0.02 -0.05)
(0.58 0.02 -0.05)
(0.6 0.02 -0.05)
(0.62 0.02 -0.05)
(0.64 0.02 -0.05)
(0.66 0.02 -0.05)
(0.68 0.02 -0.05)
(0.7 0.02 -0.05)
(0 0.04 -0.05)
(0.02 0.04 -0.05)
(0.04 0.04 -0.05)
(0.06 0.04 -0.05)
(0.08 0.04 -0.05)
(0.1 0.04 -0.05)
(0.12 0.04 -0.05)
(0.14 0.04 -0.05)
(0.16 0.04 -0.05)
(0.18 0.04 -0.05)
(0.2 0.04 -0.05)
(0.22 0.04 -0.05)
(0.24 0.04 -0.05)
(0.26 0.04 -0.05)
(0.28 0.04 -0.05)
(0.3 0.04 -0.05)
(0.32 0.04 -0.05)
(0.34 0.04 -0.05)
(0.36 0.04 -0.05)
(0.38 0.04 -0.05)
(0.4 0.04 -0.05)
(0.42 0.04 -0.05)
(0.44 0.04 -0.05)
(0.46 0.04 -0.05)
(0.48 0.04 -0.05)
(0.5 0.04 -0.05)
(0.52 0.04 -0.05)
(0.54 0.04 -0.05)
(0.56 0.04 -0.05)
(0.58 0.04 -0.05)
(0.6 0.04 -0.05)
(0.62 0.04 -0.05)
(0.64 0.04 -0.05)
(0.66 0.04 -0.05)
(0.68 0.04 -0.05)
(0.7 0.04 -0.05)
(0 0.06 -0.05)
(0.02 0.06 -0.05)
(0.04 0.06 -0.05)
(0.06 0.06 -0.05)
(0.08 0.06 -0.05)
(0.1 0.06 -0.05)
(0.12 0.06 -0.05)
(0.14 0.06 -0.05)
(0.16 0.06 -0.05)
(0.18 0.06 -0.05)
(0.2 0.06 -0.05)
(0.22 0.06 -0.05)
(0.24 0.06 -0.05)
(0.26 0.06 -0.05)
(0.28 0.06 -0.05)
(0.3 0.06 -0.05)
(0.32 0.06 -0.05)
(0.34 0.06 -0.05)
(0.36 0.06 -0.05)
(0.38 0.06 -0.05)
(0.4 0.06 -0.05)
(0.42 0.06 -0.05)
(0.44 0.06 -0.05)
(0.46 0.06 -0.05)
(0.48 0.06 -0.05)
(0.5 0.06 -0.05)
(0.52 0.06 -0.05)
(0.54 0.06 -0.05)
(0.56 0.06 -0.05)
(0.58 0.06 -0.05)
(0.6 0.06 -0.05)
(0.62 0.06 -0.05)
(0.64 0.06 -0.05)
(0.66 0.06 -0.05)
(0.68 0.06 -0.05)
(0.7 0.06 -0.05)
(0 0.08 -0.05)
(0.02 0.08 -0.05)
(0.04 0.08 -0.05)
(0.06 0.08 -0.05)
(0.08 0.08 -0.05)
(0.1 0.08 -0.05)
(0.12 0.08 -0.05)
(0.14 0.08 -0.05)
(0.16 0.08 -0.05)
(0.18 0.08 -0.05)
(0.2 0.08 -0.05)
(0.22 0.08 -0.05)
(0.24 0.08 -0.05)
(0.26 0.08 -0.05)
(0.28 0.08 -0.05)
(0.3 0.08 -0.05)
(0.32 0.08 -0.05)
(0.34 0.08 -0.05)
(0.36 0.08 -0.05)
(0.38 0.08 -0.05)
(0.4 0.08 -0.05)
(0.42 0.08 -0.05)
(0.44 0.08 -0.05)
(0.46 0.08 -0.05)
(0.48 0.08 -0.05)
(0.5 0.08 -0.05)
(0.52 0.08 -0.05)
(0.54 0.08 -0.05)
(0.56 0.08 -0.05)
(0.58 0.08 -0.05)
(0.6 0.08 -0.05)
(0.62 0.08 -0.05)
(0.64 0.08 -0.05)
(0.66 0.08 -0.05)
(0.68 0.08 -0.05)
(0.7 0.08 -0.05)
(0 0.1 -0.05)
(0.02 0.1 -0.05)
(0.04 0.1 -0.05)
(0.06 0.1 -0.05)
(0.08 0.1 -0.05)
(0.1 0.1 -0.05)
(0.12 0.1 -0.05)
(0.14 0.1 -0.05)
(0.16 0.1 -0.05)
(0.18 0.1 -0.05)
(0.2 0.1 -0.05)
(0.22 0.1 -0.05)
(0.24 0.1 -0.05)
(0.26 0.1 -0.05)
(0.28 0.1 -0.05)
(0.3 0.1 -0.05)
(0.32 0.1 -0.05)
(0.34 0.1 -0.05)
(0.36 0.1 -0.05)
(0.38 0.1 -0.05)
(0.4 0.1 -0.05)
(0.42 0.1 -0.05)
(0.44 0.1 -0.05)
(0.46 0.1 -0.05)
(0.48 0.1 -0.05)
(0.5 0.1 -0.05)
(0.52 0.1 -0.05)
(0.54 0.1 -0.05)
(0.56 0.1 -0.05)
(0.58 0.1 -0.05)
(0.6 0.1 -0.05)
(0.62 0.1 -0.05)
(0.64 0.1 -0.05)
(0.66 0.1 -0.05)
(0.68 0.1 -0.05)
(0.7 0.1 -0.05)
(0 0.12 -0.05)
(0.02 0.12 -0.05)
(0.04 0.12 -0.05)
(0.06 0.12 -0.05)
(0.08 0.12 -0.05)
(0.1 0.12 -0.05)
(0.12 0.12 -0.05)
(0.14 0.12 -0.05)
(0.16 0.12 -0.05)
(0.18 0.12 -0.05)
(0.2 0.12 -0.05)
(0.22 0.12 -0.05)
(0.24 0.12 -0.05)
(0.26 0.12 -0.05)
(0.28 0.12 -0.05)
(0.3 0.12 -0.05)
(0.32 0.12 -0.05)
(0.34 0.12 -0.05)
(0.36 0.12 -0.05)
(0.38 0.12 -0.05)
(0.4 0.12 -0.05)
(0.42 0.12 -0.05)
(0.44 0.12 -0.05)
(0.46 0.12 -0.05)
(0.48 0.12 -0.05)
(0.5 0.12 -0.05)
(0.52 0.12 -0.05)
(0.54 0.12 -0.05)
(0.56 0.12 -0.05)
(0.58 0.12 -0.05)
(0.6 0.12 -0.05)
(0.62 0.12 -0.05)
(0.64 0.12 -0.05)
(0.66 0.12 -0.05)
(0.68 0.12 -0.05)
(0.7 0.12 -0.05)
(0 0.14 -0.05)
(0.02 0.14 -0.05)
(0.04 0.14 -0.05)
(0.06 0.14 -0.05)
(0.08 0.14 -0.05)
(0.1 0.14 -0.05)
(0.12 0.14 -0.05)
(0.14 0.14 -0.05)
(0.16 0.14 -0.05)
(0.18 0.14 -0.05)
(0.2 0.14 -0.05)
(0.22 0.14 -0.05)
(0.24 0.14 -0.05)
(0.26 0.14 -0.05)
(0.28 0.14 -0.05)
(0.3 0.14 -0.05)
(0.32 0.14 -0.05)
(0.34 0.14 -0.05)
(0.36 0.14 -0.05)
(0.38 0.14 -0.05)
(0.4 0.14 -0.05)
(0.42 0.14 -0.05)
(0.44 0.14 -0.05)
(0.46 0.14 -0.05)
(0.48 0.14 -0.05)
(0.5 0.14 -0.05)
(0.52 0.14 -0.05)
(0.54 0.14 -0.05)
(0.56 0.14 -0.05)
(0.58 0.14 -0.05)
(0.6 0.14 -0.05)
(0.62 0.14 -0.05)
(0.64 0.14 -0.05)
(0.66 0.14 -0.05)
(0.68 0.14 -0.05)
(0.7 0.14 -0.05)
(0 0.16 -0.05)
(0.02 0.16 -0.05)
(0.04 0.16 -0.05)
(0.06 0.16 -0.05)
(0.08 0.16 -0.05)
(0.1 0.16 -0.05)
(0.12 0.16 -0.05)
(0.14 0.16 -0.05)
(0.16 0.16 -0.05)
(0.18 0.16 -0.05)
(0.2 0.16 -0.05)
(0.22 0.16 -0.05)
(0.24 0.16 -0.05)
(0.26 0.16 -0.05)
(0.28 0.16 -0.05)
(0.3 0.16 -0.05)
(0.32 0.16 -0.05)
(0.34 0.16 -0.05)
(0.36 0.16 -0.05)
(0.38 0.16 -0.05)
(0.4 0.16 -0.05)
(0.42 0.16 -0.05)
(0.44 0.16 -0.05)
(0.46 0.16 -0.05)
(0.48 0.16 -0.05)
(0.5 0.16 -0.05)
(0.52 0.16 -0.05)
(0.54 0.16 -0.05)
(0.56 0.16 -0.05)
(0.58 0.16 -0.05)
(0.6 0.16 -0.05)
(0.62 0.16 -0.05)
(0.64 0.16 -0.05)
(0.66 0.16 -0.05)
(0.68 0.16 -0.05)
(0.7 0.16 -0.05)
(0 0.18 -0.05)
(0.02 0.18 -0.05)
(0.04 0.18 -0.05)
(0.06 0.18 -0.05)
(0.08 0.18 -0.05)
(0.1 0.18 -0.05)
(0.12 0.18 -0.05)
(0.14 0.18 -0.05)
(0.16 0.18 -0.05)
(0.18 0.18 -0.05)
(0.2 0.18 -0.05)
(0.22 0.18 -0.05)
(0.24 0.18 -0.05)
(0.26 0.18 -0.05)
(0.28 0.18 -0.05)
(0.3 0.18 -0.05)
(0.32 0.18 -0.05)
(0.34 0.18 -0.05)
(0.36 0.18 -0.05)
(0.38 0.18 -0.05)
(0.4 0.18 -0.05)
(0.42 0.18 -0.05)
(0.44 0.18 -0.05)
(0.46 0.18 -0.05)
(0.48 0.18 -0.05)
(0.5 0.18 -0.05)
(0.52 0.18 -0.05)
(0.54 0.18 -0.05)
(0.56 0.18 -0.05)
(0.58 0.18 -0.05)
(0.6 0.18 -0.05)
(0.62 0.18 -0.05)
(0.64 0.18 -0.05)
(0.66 0.18 -0.05)
(0.68 0.18 -0.05)
(0.7 0.18 -0.05)
(0 0.2 -0.05)
(0.02 0.2 -0.05)
(0.04 0.2 -0.05)
(0.06 0.2 -0.05)
(0.08 0.2 -0.05)
(0.1 0.2 -0.05)
(0.12 0.2 -0.05)
(0.14 0.2 -0.05)
(0.16 0.2 -0.05)
(0.18 0.2 -0.05)
(0.2 0.2 -0.05)
(0.22 0.2 -0.05)
(0.24 0.2 -0.05)
(0.26 0.2 -0.05)
(0.28 0.2 -0.05)
(0.3 0.2 -0.05)
(0.32 0.2 -0.05)
(0.34 0.2 -0.05)
(0.36 0.2 -0.05)
(0.38 0.2 -0.05)
(0.4 0.2 -0.05)
(0.42 0.2 -0.05)
(0.44 0.2 -0.05)
(0.46 0.2 -0.05)
(0.48 0.2 -0.05)
(0.5 0.2 -0.05)
(0.52 0.2 -0.05)
(0.54 0.2 -0.05)
(0.56 0.2 -0.05)
(0.58 0.2 -0.05)
(0.6 0.2 -0.05)
(0.62 0.2 -0.05)
(0.64 0.2 -0.05)
(0.66 0.2 -0.05)
(0.68 0.2 -0.05)
(0.7 0.2 -0.05)
(0 0.22 -0.05)
(0.02 0.22 -0.05)
(0.04 0.22 -0.05)
(0.06 0.22 -0.05)
(0.08 0.22 -0.05)
(0.1 0.22 -0.05)
(0.12 0.22 -0.05)
(0.14 0.22 -0.05)
(0.16 0.22 -0.05)
(0.18 0.22 -0.05)
(0.2 0.22 -0.05)
(0.22 0.22 -0.05)
(0.24 0.22 -0.05)
(0.26 0.22 -0.05)
(0.28 0.22 -0.05)
(0.3 0.22 -0.05)
(0.32 0.22 -0.05)
(0.34 0.22 -0.05)
(0.36 0.22 -0.05)
(0.38 0.22 -0.05)
(0.4 0.22 -0.05)
(0.42 0.22 -0.05)
(0.44 0.22 -0.05)
(0.46 0.22 -0.05)
(0.48 0.22 -0.05)
(0.5 0.22 -0.05)
(0.52 0.22 -0.05)
(0.54 0.22 -0.05)
(0.56 0.22 -0.05)
(0.58 0.22 -0.05)
(0.6 0.22 -0.05)
(0.62 0.22 -0.05)
(0.64 0.22 -0.05)
(0.66 0.22 -0.05)
(0.68 0.22 -0.05)
(0.7 0.22 -0.05)
(0 0.24 -0.05)
(0.02 0.24 -0.05)
(0.04 0.24 -0.05)
(0.06 0.24 -0.05)
(0.08 0.24 -0.05)
(0.1 0.24 -0.05)
(0.12 0.24 -0.05)
(0.14 0.24 -0.05)
(0.16 0.24 -0.05)
(0.18 0.24 -0.05)
(0.2 0.24 -0.05)
(0.22 0.24 -0.05)
(0.24 0.24 -0.05)
(0.26 0.24 -0.05)
(0.28 0.24 -0.05)
(0.3 0.24 -0.05)
(0.32 0.24 -0.05)
(0.34 0.24 -0.05)
(0.36 0.24 -0.05)
(0.38 0.24 -0.05)
(0.4 0.24 -0.05)
(0.42 0.24 -0.05)
(0.44 0.24 -0.05)
(0.46 0.24 -0.05)
(0.48 0.24 -0.05)
(0.5 0.24 -0.05)
(0.52 0.24 -0.05)
(0.54 0.24 -0.05)
(0.56 0.24 -0.05)
(0.58 0.24 -0.05)
(0.6 0.24 -0.05)
(0.62 0.24 -0.05)
(0.64 0.24 -0.05)
(0.66 0.24 -0.05)
(0.68 0.24 -0.05)
(0.7 0.24 -0.05)
(0 0.26 -0.05)
(0.02 0.26 -0.05)
(0.04 0.26 -0.05)
(0.06 0.26 -0.05)
(0.08 0.26 -0.05)
(0.1 0.26 -0.05)
(0.12 0.26 -0.05)
(0.14 0.26 -0.05)
(0.16 0.26 -0.05)
(0.18 0.26 -0.05)
(0.2 0.26 -0.05)
(0.22 0.26 -0.05)
(0.24 0.26 -0.05)
(0.26 0.26 -0.05)
(0.28 0.26 -0.05)
(0.3 0.26 -0.05)
(0.32 0.26 -0.05)
(0.34 0.26 -0.05)
(0.36 0.26 -0.05)
(0.38 0.26 -0.05)
(0.4 0.26 -0.05)
(0.42 0.26 -0.05)
(0.44 0.26 -0.05)
(0.46 0.26 -0.05)
(0.48 0.26 -0.05)
(0.5 0.26 -0.05)
(0.52 0.26 -0.05)
(0.54 0.26 -0.05)
(0.56 0.26 -0.05)
(0.58 0.26 -0.05)
(0.6 0.26 -0.05)
(0.62 0.26 -0.05)
(0.64 0.26 -0.05)
(0.66 0.26 -0.05)
(0.68 0.26 -0.05)
(0.7 0.26 -0.05)
(0 0.28 -0.05)
(0.02 0.28 -0.05)
(0.04 0.28 -0.05)
(0.06 0.28 -0.05)
(0.08 0.28 -0.05)
(0.1 0.28 -0.05)
(0.12 0.28 -0.05)
(0.14 0.28 -0.05)
(0.16 0.28 -0.05)
(0.18 0.28 -0.05)
(0.2 0.28 -0.05)
(0.22 0.28 -0.05)
(0.24 0.28 -0.05)
(0.26 0.28 -0.05)
(0.28 0.28 -0.05)
(0.3 0.28 -0.05)
(0.32 0.28 -0.05)
(0.34 0.28 -0.05)
(0.36 0.28 -0.05)
(0.38 0.28 -0.05)
(0.4 0.28 -0.05)
(0.42 0.28 -0.05)
(0.44 0.28 -0.05)
(0.46 0.28 -0.05)
(0.48 0.28 -0.05)
(0.5 0.28 -0.05)
(0.52 0.28 -0.05)
(0.54 0.28 -0.05)
(0.56 0.28 -0.05)
(0.58 0.28 -0.05)
(0.6 0.28 -0.05)
(0.62 0.28 -0.05)
(0.64 0.28 -0.05)
(0.66 0.28 -0.05)
(0.68 0.28 -0.05)
(0.7 0.28 -0.05)
(0 0.3 -0.05)
(0.02 0.3 -0.05)
(0.04 0.3 -0.05)
(0.06 0.3 -0.05)
(0.08 0.3 -0.05)
(0.1 0.3 -0.05)
(0.12 0.3 -0.05)
(0.14 0.3 -0.05)
(0.16 0.3 -0.05)
(0.18 0.3 -0.05)
(0.2 0.3 -0.05)
(0.22 0.3 -0.05)
(0.24 0.3 -0.05)
(0.26 0.3 -0.05)
(0.28 0.3 -0.05)
(0.3 0.3 -0.05)
(0.32 0.3 -0.05)
(0.34 0.3 -0.05)
(0.36 0.3 -0.05)
(0.38 0.3 -0.05)
(0.4 0.3 -0.05)
(0.42 0.3 -0.05)
(0.44 0.3 -0.05)
(0.46 0.3 -0.05)
(0.48 0.3 -0.05)
(0.5 0.3 -0.05)
(0.52 0.3 -0.05)
(0.54 0.3 -0.05)
(0.56 0.3 -0.05)
(0.58 0.3 -0.05)
(0.6 0.3 -0.05)
(0.62 0.3 -0.05)
(0.64 0.3 -0.05)
(0.66 0.3 -0.05)
(0.68 0.3 -0.05)
(0.7 0.3 -0.05)
(0 0.32 -0.05)
(0.02 0.32 -0.05)
(0.04 0.32 -0.05)
(0.06 0.32 -0.05)
(0.08 0.32 -0.05)
(0.1 0.32 -0.05)
(0.12 0.32 -0.05)
(0.14 0.32 -0.05)
(0.16 0.32 -0.05)
(0.18 0.32 -0.05)
(0.2 0.32 -0.05)
(0.22 0.32 -0.05)
(0.24 0.32 -0.05)
(0.26 0.32 -0.05)
(0.28 0.32 -0.05)
(0.3 0.32 -0.05)
(0.32 0.32 -0.05)
(0.34 0.32 -0.05)
(0.36 0.32 -0.05)
(0.38 0.32 -0.05)
(0.4 0.32 -0.05)
(0.42 0.32 -0.05)
(0.44 0.32 -0.05)
(0.46 0.32 -0.05)
(0.48 0.32 -0.05)
(0.5 0.32 -0.05)
(0.52 0.32 -0.05)
(0.54 0.32 -0.05)
(0.56 0.32 -0.05)
(0.58 0.32 -0.05)
(0.6 0.32 -0.05)
(0.62 0.32 -0.05)
(0.64 0.32 -0.05)
(0.66 0.32 -0.05)
(0.68 0.32 -0.05)
(0.7 0.32 -0.05)
(0 0.34 -0.05)
(0.02 0.34 -0.05)
(0.04 0.34 -0.05)
(0.06 0.34 -0.05)
(0.08 0.34 -0.05)
(0.1 0.34 -0.05)
(0.12 0.34 -0.05)
(0.14 0.34 -0.05)
(0.16 0.34 -0.05)
(0.18 0.34 -0.05)
(0.2 0.34 -0.05)
(0.22 0.34 -0.05)
(0.24 0.34 -0.05)
(0.26 0.34 -0.05)
(0.28 0.34 -0.05)
(0.3 0.34 -0.05)
(0.32 0.34 -0.05)
(0.34 0.34 -0.05)
(0.36 0.34 -0.05)
(0.38 0.34 -0.05)
(0.4 0.34 -0.05)
(0.42 0.34 -0.05)
(0.44 0.34 -0.05)
(0.46 0.34 -0.05)
(0.48 0.34 -0.05)
(0.5 0.34 -0.05)
(0.52 0.34 -0.05)
(0.54 0.34 -0.05)
(0.56 0.34 -0.05)
(0.58 0.34 -0.05)
(0.6 0.34 -0.05)
(0.62 0.34 -0.05)
(0.64 0.34 -0.05)
(0.66 0.34 -0.05)
(0.68 0.34 -0.05)
(0.7 0.34 -0.05)
(0 0.36 -0.05)
(0.02 0.36 -0.05)
(0.04 0.36 -0.05)
(0.06 0.36 -0.05)
(0.08 0.36 -0.05)
(0.1 0.36 -0.05)
(0.12 0.36 -0.05)
(0.14 0.36 -0.05)
(0.16 0.36 -0.05)
(0.18 0.36 -0.05)
(0.2 0.36 -0.05)
(0.22 0.36 -0.05)
(0.24 0.36 -0.05)
(0.26 0.36 -0.05)
(0.28 0.36 -0.05)
(0.3 0.36 -0.05)
(0.32 0.36 -0.05)
(0.34 0.36 -0.05)
(0.36 0.36 -0.05)
(0.38 0.36 -0.05)
(0.4 0.36 -0.05)
(0.42 0.36 -0.05)
(0.44 0.36 -0.05)
(0.46 0.36 -0.05)
(0.48 0.36 -0.05)
(0.5 0.36 -0.05)
(0.52 0.36 -0.05)
(0.54 0.36 -0.05)
(0.56 0.36 -0.05)
(0.58 0.36 -0.05)
(0.6 0.36 -0.05)
(0.62 0.36 -0.05)
(0.64 0.36 -0.05)
(0.66 0.36 -0.05)
(0.68 0.36 -0.05)
(0.7 0.36 -0.05)
(0 0.38 -0.05)
(0.02 0.38 -0.05)
(0.04 0.38 -0.05)
(0.06 0.38 -0.05)
(0.08 0.38 -0.05)
(0.1 0.38 -0.05)
(0.12 0.38 -0.05)
(0.14 0.38 -0.05)
(0.16 0.38 -0.05)
(0.18 0.38 -0.05)
(0.2 0.38 -0.05)
(0.22 0.38 -0.05)
(0.24 0.38 -0.05)
(0.26 0.38 -0.05)
(0.28 0.38 -0.05)
(0.3 0.38 -0.05)
(0.32 0.38 -0.05)
(0.34 0.38 -0.05)
(0.36 0.38 -0.05)
(0.38 0.38 -0.05)
(0.4 0.38 -0.05)
(0.42 0.38 -0.05)
(0.44 0.38 -0.05)
(0.46 0.38 -0.05)
(0.48 0.38 -0.05)
(0.5 0.38 -0.05)
(0.52 0.38 -0.05)
(0.54 0.38 -0.05)
(0.56 0.38 -0.05)
(0.58 0.38 -0.05)
(0.6 0.38 -0.05)
(0.62 0.38 -0.05)
(0.64 0.38 -0.05)
(0.66 0.38 -0.05)
(0.68 0.38 -0.05)
(0.7 0.38 -0.05)
(0 0.4 -0.05)
(0.02 0.4 -0.05)
(0.04 0.4 -0.05)
(0.06 0.4 -0.05)
(0.08 0.4 -0.05)
(0.1 0.4 -0.05)
(0.12 0.4 -0.05)
(0.14 0.4 -0.05)
(0.16 0.4 -0.05)
(0.18 0.4 -0.05)
(0.2 0.4 -0.05)
(0.22 0.4 -0.05)
(0.24 0.4 -0.05)
(0.26 0.4 -0.05)
(0.28 0.4 -0.05)
(0.3 0.4 -0.05)
(0.32 0.4 -0.05)
(0.34 0.4 -0.05)
(0.36 0.4 -0.05)
(0.38 0.4 -0.05)
(0.4 0.4 -0.05)
(0.42 0.4 -0.05)
(0.44 0.4 -0.05)
(0.46 0.4 -0.05)
(0.48 0.4 -0.05)
(0.5 0.4 -0.05)
(0.52 0.4 -0.05)
(0.54 0.4 -0.05)
(0.56 0.4 -0.05)
(0.58 0.4 -0.05)
(0.6 0.4 -0.05)
(0.62 0.4 -0.05)
(0.64 0.4 -0.05)
(0.66 0.4 -0.05)
(0.68 0.4 -0.05)
(0.7 0.4 -0.05)
(0 0 0.05)
(0.02 0 0.05)
(0.04 0 0.05)
(0.06 0 0.05)
(0.08 0 0.05)
(0.1 0 0.05)
(0.12 0 0.05)
(0.14 0 0.05)
(0.16 0 0.05)
(0.18 0 0.05)
(0.2 0 0.05)
(0.22 0 0.05)
(0.24 0 0.05)
(0.26 0 0.05)
(0.28 0 0.05)
(0.3 0 0.05)
(0.32 0 0.05)
(0.34 0 0.05)
(0.36 0 0.05)
(0.38 0 0.05)
(0.4 0 0.05)
(0.42 0 0.05)
(0.44 0 0.05)
(0.46 0 0.05)
(0.48 0 0.05)
(0.5 0 0.05)
(0.52 0 0.05)
(0.54 0 0.05)
(0.56 0 0.05)
(0.58 0 0.05)
(0.6 0 0.05)
(0.62 0 0.05)
(0.64 0 0.05)
(0.66 0 0.05)
(0.68 0 0.05)
(0.7 0 0.05)
(0 0.02 0.05)
(0.02 0.02 0.05)
(0.04 0.02 0.05)
(0.06 0.02 0.05)
(0.08 0.02 0.05)
(0.1 0.02 0.05)
(0.12 0.02 0.05)
(0.14 0.02 0.05)
(0.16 0.02 0.05)
(0.18 0.02 0.05)
(0.2 0.02 0.05)
(0.22 0.02 0.05)
(0.24 0.02 0.05)
(0.26 0.02 0.05)
(0.28 0.02 0.05)
(0.3 0.02 0.05)
(0.32 0.02 0.05)
(0.34 0.02 0.05)
(0.36 0.02 0.05)
(0.38 0.02 0.05)
(0.4 0.02 0.05)
(0.42 0.02 0.05)
(0.44 0.02 0.05)
(0.46 0.02 0.05)
(0.48 0.02 0.05)
(0.5 0.02 0.05)
(0.52 0.02 0.05)
(0.54 0.02 0.05)
(0.56 0.02 0.05)
(0.58 0.02 0.05)
(0.6 0.02 0.05)
(0.62 0.02 0.05)
(0.64 0.02 0.05)
(0.66 0.02 0.05)
(0.68 0.02 0.05)
(0.7 0.02 0.05)
(0 0.04 0.05)
(0.02 0.04 0.05)
(0.04 0.04 0.05)
(0.06 0.04 0.05)
(0.08 0.04 0.05)
(0.1 0.04 0.05)
(0.12 0.04 0.05)
(0.14 0.04 0.05)
(0.16 0.04 0.05)
(0.18 0.04 0.05)
(0.2 0.04 0.05)
(0.22 0.04 0.05)
(0.24 0.04 0.05)
(0.26 0.04 0.05)
(0.28 0.04 0.05)
(0.3 0.04 0.05)
(0.32 0.04 0.05)
(0.34 0.04 0.05)
(0.36 0.04 0.05)
(0.38 0.04 0.05)
(0.4 0.04 0.05)
(0.42 0.04 0.05)
(0.44 0.04 0.05)
(0.46 0.04 0.05)
(0.48 0.04 0.05)
(0.5 0.04 0.05)
(0.52 0.04 0.05)
(0.54 0.04 0.05)
(0.56 0.04 0.05)
(0.58 0.04 0.05)
(0.6 0.04 0.05)
(0.62 0.04 0.05)
(0.64 0.04 0.05)
(0.66 0.04 0.05)
(0.68 0.04 0.05)
(0.7 0.04 0.05)
(0 0.06 0.05)
(0.02 0.06 0.05)
(0.04 0.06 0.05)
(0.06 0.06 0.05)
(0.08 0.06 0.05)
(0.1 0.06 0.05)
(0.12 0.06 0.05)
(0.14 0.06 0.05)
(0.16 0.06 0.05)
(0.18 0.06 0.05)
(0.2 0.06 0.05)
(0.22 0.06 0.05)
(0.24 0.06 0.05)
(0.26 0.06 0.05)
(0.28 0.06 0.05)
(0.3 0.06 0.05)
(0.32 0.06 0.05)
(0.34 0.06 0.05)
(0.36 0.06 0.05)
(0.38 0.06 0.05)
(0.4 0.06 0.05)
(0.42 0.06 0.05)
(0.44 0.06 0.05)
(0.46 0.06 0.05)
(0.48 0.06 0.05)
(0.5 0.06 0.05)
(0.52 0.06 0.05)
(0.54 0.06 0.05)
(0.56 0.06 0.05)
(0.58 0.06 0.05)
(0.6 0.06 0.05)
(0.62 0.06 0.05)
(0.64 0.06 0.05)
(0.66 0.06 0.05)
(0.68 0.06 0.05)
(0.7 0.06 0.05)
(0 0.08 0.05)
(0.02 0.08 0.05)
(0.04 0.08 0.05)
(0.06 0.08 0.05)
(0.08 0.08 0.05)
(0.1 0.08 0.05)
(0.12 0.08 0.05)
(0.14 0.08 0.05)
(0.16 0.08 0.05)
(0.18 0.08 0.05)
(0.2 0.08 0.05)
(0.22 0.08 0.05)
(0.24 0.08 0.05)
(0.26 0.08 0.05)
(0.28 0.08 0.05)
(0.3 0.08 0.05)
(0.32 0.08 0.05)
(0.34 0.08 0.05)
(0.36 0.08 0.05)
(0.38 0.08 0.05)
(0.4 0.08 0.05)
(0.42 0.08 0.05)
(0.44 0.08 0.05)
(0.46 0.08 0.05)
(0.48 0.08 0.05)
(0.5 0.08 0.05)
(0.52 0.08 0.05)
(0.54 0.08 0.05)
(0.56 0.08 0.05)
(0.58 0.08 0.05)
(0.6 0.08 0.05)
(0.62 0.08 0.05)
(0.64 0.08 0.05)
(0.66 0.08 0.05)
(0.68 0.08 0.05)
(0.7 0.08 0.05)
(0 0.1 0.05)
(0.02 0.1 0.05)
(0.04 0.1 0.05)
(0.06 0.1 0.05)
(0.08 0.1 0.05)
(0.1 0.1 0.05)
(0.12 0.1 0.05)
(0.14 0.1 0.05)
(0.16 0.1 0.05)
(0.18 0.1 0.05)
(0.2 0.1 0.05)
(0.22 0.1 0.05)
(0.24 0.1 0.05)
(0.26 0.1 0.05)
(0.28 0.1 0.05)
(0.3 0.1 0.05)
(0.32 0.1 0.05)
(0.34 0.1 0.05)
(0.36 0.1 0.05)
(0.38 0.1 0.05)
(0.4 0.1 0.05)
(0.42 0.1 0.05)
(0.44 0.1 0.05)
(0.46 0.1 0.05)
(0.48 0.1 0.05)
(0.5 0.1 0.05)
(0.52 0.1 0.05)
(0.54 0.1 0.05)
(0.56 0.1 0.05)
(0.58 0.1 0.05)
(0.6 0.1 0.05)
(0.62 0.1 0.05)
(0.64 0.1 0.05)
(0.66 0.1 0.05)
(0.68 0.1 0.05)
(0.7 0.1 0.05)
(0 0.12 0.05)
(0.02 0.12 0.05)
(0.04 0.12 0.05)
(0.06 0.12 0.05)
(0.08 0.12 0.05)
(0.1 0.12 0.05)
(0.12 0.12 0.05)
(0.14 0.12 0.05)
(0.16 0.12 0.05)
(0.18 0.12 0.05)
(0.2 0.12 0.05)
(0.22 0.12 0.05)
(0.24 0.12 0.05)
(0.26 0.12 0.05)
(0.28 0.12 0.05)
(0.3 0.12 0.05)
(0.32 0.12 0.05)
(0.34 0.12 0.05)
(0.36 0.12 0.05)
(0.38 0.12 0.05)
(0.4 0.12 0.05)
(0.42 0.12 0.05)
(0.44 0.12 0.05)
(0.46 0.12 0.05)
(0.48 0.12 0.05)
(0.5 0.12 0.05)
(0.52 0.12 0.05)
(0.54 0.12 0.05)
(0.56 0.12 0.05)
(0.58 0.12 0.05)
(0.6 0.12 0.05)
(0.62 0.12 0.05)
(0.64 0.12 0.05)
(0.66 0.12 0.05)
(0.68 0.12 0.05)
(0.7 0.12 0.05)
(0 0.14 0.05)
(0.02 0.14 0.05)
(0.04 0.14 0.05)
(0.06 0.14 0.05)
(0.08 0.14 0.05)
(0.1 0.14 0.05)
(0.12 0.14 0.05)
(0.14 0.14 0.05)
(0.16 0.14 0.05)
(0.18 0.14 0.05)
(0.2 0.14 0.05)
(0.22 0.14 0.05)
(0.24 0.14 0.05)
(0.26 0.14 0.05)
(0.28 0.14 0.05)
(0.3 0.14 0.05)
(0.32 0.14 0.05)
(0.34 0.14 0.05)
(0.36 0.14 0.05)
(0.38 0.14 0.05)
(0.4 0.14 0.05)
(0.42 0.14 0.05)
(0.44 0.14 0.05)
(0.46 0.14 0.05)
(0.48 0.14 0.05)
(0.5 0.14 0.05)
(0.52 0.14 0.05)
(0.54 0.14 0.05)
(0.56 0.14 0.05)
(0.58 0.14 0.05)
(0.6 0.14 0.05)
(0.62 0.14 0.05)
(0.64 0.14 0.05)
(0.66 0.14 0.05)
(0.68 0.14 0.05)
(0.7 0.14 0.05)
(0 0.16 0.05)
(0.02 0.16 0.05)
(0.04 0.16 0.05)
(0.06 0.16 0.05)
(0.08 0.16 0.05)
(0.1 0.16 0.05)
(0.12 0.16 0.05)
(0.14 0.16 0.05)
(0.16 0.16 0.05)
(0.18 0.16 0.05)
(0.2 0.16 0.05)
(0.22 0.16 0.05)
(0.24 0.16 0.05)
(0.26 0.16 0.05)
(0.28 0.16 0.05)
(0.3 0.16 0.05)
(0.32 0.16 0.05)
(0.34 0.16 0.05)
(0.36 0.16 0.05)
(0.38 0.16 0.05)
(0.4 0.16 0.05)
(0.42 0.16 0.05)
(0.44 0.16 0.05)
(0.46 0.16 0.05)
(0.48 0.16 0.05)
(0.5 0.16 0.05)
(0.52 0.16 0.05)
(0.54 0.16 0.05)
(0.56 0.16 0.05)
(0.58 0.16 0.05)
(0.6 0.16 0.05)
(0.62 0.16 0.05)
(0.64 0.16 0.05)
(0.66 0.16 0.05)
(0.68 0.16 0.05)
(0.7 0.16 0.05)
(0 0.18 0.05)
(0.02 0.18 0.05)
(0.04 0.18 0.05)
(0.06 0.18 0.05)
(0.08 0.18 0.05)
(0.1 0.18 0.05)
(0.12 0.18 0.05)
(0.14 0.18 0.05)
(0.16 0.18 0.05)
(0.18 0.18 0.05)
(0.2 0.18 0.05)
(0.22 0.18 0.05)
(0.24 0.18 0.05)
(0.26 0.18 0.05)
(0.28 0.18 0.05)
(0.3 0.18 0.05)
(0.32 0.18 0.05)
(0.34 0.18 0.05)
(0.36 0.18 0.05)
(0.38 0.18 0.05)
(0.4 0.18 0.05)
(0.42 0.18 0.05)
(0.44 0.18 0.05)
(0.46 0.18 0.05)
(0.48 0.18 0.05)
(0.5 0.18 0.05)
(0.52 0.18 0.05)
(0.54 0.18 0.05)
(0.56 0.18 0.05)
(0.58 0.18 0.05)
(0.6 0.18 0.05)
(0.62 0.18 0.05)
(0.64 0.18 0.05)
(0.66 0.18 0.05)
(0.68 0.18 0.05)
(0.7 0.18 0.05)
(0 0.2 0.05)
(0.02 0.2 0.05)
(0.04 0.2 0.05)
(0.06 0.2 0.05)
(0.08 0.2 0.05)
(0.1 0.2 0.05)
(0.12 0.2 0.05)
(0.14 0.2 0.05)
(0.16 0.2 0.05)
(0.18 0.2 0.05)
(0.2 0.2 0.05)
(0.22 0.2 0.05)
(0.24 0.2 0.05)
(0.26 0.2 0.05)
(0.28 0.2 0.05)
(0.3 0.2 0.05)
(0.32 0.2 0.05)
(0.34 0.2 0.05)
(0.36 0.2 0.05)
(0.38 0.2 0.05)
(0.4 0.2 0.05)
(0.42 0.2 0.05)
(0.44 0.2 0.05)
(0.46 0.2 0.05)
(0.48 0.2 0.05)
(0.5 0.2 0.05)
(0.52 0.2 0.05)
(0.54 0.2 0.05)
(0.56 0.2 0.05)
(0.58 0.2 0.05)
(0.6 0.2 0.05)
(0.62 0.2 0.05)
(0.64 0.2 0.05)
(0.66 0.2 0.05)
(0.68 0.2 0.05)
(0.7 0.2 0.05)
(0 0.22 0.05)
(0.02 0.22 0.05)
(0.04 0.22 0.05)
(0.06 0.22 0.05)
(0.08 0.22 0.05)
(0.1 0.22 0.05)
(0.12 0.22 0.05)
(0.14 0.22 0.05)
(0.16 0.22 0.05)
(0.18 0.22 0.05)
(0.2 0.22 0.05)
(0.22 0.22 0.05)
(0.24 0.22 0.05)
(0.26 0.22 0.05)
(0.28 0.22 0.05)
(0.3 0.22 0.05)
(0.32 0.22 0.05)
(0.34 0.22 0.05)
(0.36 0.22 0.05)
(0.38 0.22 0.05)
(0.4 0.22 0.05)
(0.42 0.22 0.05)
(0.44 0.22 0.05)
(0.46 0.22 0.05)
(0.48 0.22 0.05)
(0.5 0.22 0.05)
(0.52 0.22 0.05)
(0.54 0.22 0.05)
(0.56 0.22 0.05)
(0.58 0.22 0.05)
(0.6 0.22 0.05)
(0.62 0.22 0.05)
(0.64 0.22 0.05)
(0.66 0.22 0.05)
(0.68 0.22 0.05)
(0.7 0.22 0.05)
(0 0.24 0.05)
(0.02 0.24 0.05)
(0.04 0.24 0.05)
(0.06 0.24 0.05)
(0.08 0.24 0.05)
(0.1 0.24 0.05)
(0.12 0.24 0.05)
(0.14 0.24 0.05)
(0.16 0.24 0.05)
(0.18 0.24 0.05)
(0.2 0.24 0.05)
(0.22 0.24 0.05)
(0.24 0.24 0.05)
(0.26 0.24 0.05)
(0.28 0.24 0.05)
(0.3 0.24 0.05)
(0.32 0.24 0.05)
(0.34 0.24 0.05)
(0.36 0.24 0.05)
(0.38 0.24 0.05)
(0.4 0.24 0.05)
(0.42 0.24 0.05)
(0.44 0.24 0.05)
(0.46 0.24 0.05)
(0.48 0.24 0.05)
(0.5 0.24 0.05)
(0.52 0.24 0.05)
(0.54 0.24 0.05)
(0.56 0.24 0.05)
(0.58 0.24 0.05)
(0.6 0.24 0.05)
(0.62 0.24 0.05)
(0.64 0.24 0.05)
(0.66 0.24 0.05)
(0.68 0.24 0.05)
(0.7 0.24 0.05)
(0 0.26 0.05)
(0.02 0.26 0.05)
(0.04 0.26 0.05)
(0.06 0.26 0.05)
(0.08 0.26 0.05)
(0.1 0.26 0.05)
(0.12 0.26 0.05)
(0.14 0.26 0.05)
(0.16 0.26 0.05)
(0.18 0.26 0.05)
(0.2 0.26 0.05)
(0.22 0.26 0.05)
(0.24 0.26 0.05)
(0.26 0.26 0.05)
(0.28 0.26 0.05)
(0.3 0.26 0.05)
(0.32 0.26 0.05)
(0.34 0.26 0.05)
(0.36 0.26 0.05)
(0.38 0.26 0.05)
(0.4 0.26 0.05)
(0.42 0.26 0.05)
(0.44 0.26 0.05)
(0.46 0.26 0.05)
(0.48 0.26 0.05)
(0.5 0.26 0.05)
(0.52 0.26 0.05)
(0.54 0.26 0.05)
(0.56 0.26 0.05)
(0.58 0.26 0.05)
(0.6 0.26 0.05)
(0.62 0.26 0.05)
(0.64 0.26 0.05)
(0.66 0.26 0.05)
(0.68 0.26 0.05)
(0.7 0.26 0.05)
(0 0.28 0.05)
(0.02 0.28 0.05)
(0.04 0.28 0.05)
(0.06 0.28 0.05)
(0.08 0.28 0.05)
(0.1 0.28 0.05)
(0.12 0.28 0.05)
(0.14 0.28 0.05)
(0.16 0.28 0.05)
(0.18 0.28 0.05)
(0.2 0.28 0.05)
(0.22 0.28 0.05)
(0.24 0.28 0.05)
(0.26 0.28 0.05)
(0.28 0.28 0.05)
(0.3 0.28 0.05)
(0.32 0.28 0.05)
(0.34 0.28 0.05)
(0.36 0.28 0.05)
(0.38 0.28 0.05)
(0.4 0.28 0.05)
(0.42 0.28 0.05)
(0.44 0.28 0.05)
(0.46 0.28 0.05)
(0.48 0.28 0.05)
(0.5 0.28 0.05)
(0.52 0.28 0.05)
(0.54 0.28 0.05)
(0.56 0.28 0.05)
(0.58 0.28 0.05)
(0.6 0.28 0.05)
(0.62 0.28 0.05)
(0.64 0.28 0.05)
(0.66 0.28 0.05)
(0.68 0.28 0.05)
(0.7 0.28 0.05)
(0 0.3 0.05)
(0.02 0.3 0.05)
(0.04 0.3 0.05)
(0.06 0.3 0.05)
(0.08 0.3 0.05)
(0.1 0.3 0.05)
(0.12 0.3 0.05)
(0.14 0.3 0.05)
(0.16 0.3 0.05)
(0.18 0.3 0.05)
(0.2 0.3 0.05)
(0.22 0.3 0.05)
(0.24 0.3 0.05)
(0.26 0.3 0.05)
(0.28 0.3 0.05)
(0.3 0.3 0.05)
(0.32 0.3 0.05)
(0.34 0.3 0.05)
(0.36 0.3 0.05)
(0.38 0.3 0.05)
(0.4 0.3 0.05)
(0.42 0.3 0.05)
(0.44 0.3 0.05)
(0.46 0.3 0.05)
(0.48 0.3 0.05)
(0.5 0.3 0.05)
(0.52 0.3 0.05)
(0.54 0.3 0.05)
(0.56 0.3 0.05)
(0.58 0.3 0.05)
(0.6 0.3 0.05)
(0.62 0.3 0.05)
(0.64 0.3 0.05)
(0.66 0.3 0.05)
(0.68 0.3 0.05)
(0.7 0.3 0.05)
(0 0.32 0.05)
(0.02 0.32 0.05)
(0.04 0.32 0.05)
(0.06 0.32 0.05)
(0.08 0.32 0.05)
(0.1 0.32 0.05)
(0.12 0.32 0.05)
(0.14 0.32 0.05)
(0.16 0.32 0.05)
(0.18 0.32 0.05)
(0.2 0.32 0.05)
(0.22 0.32 0.05)
(0.24 0.32 0.05)
(0.26 0.32 0.05)
(0.28 0.32 0.05)
(0.3 0.32 0.05)
(0.32 0.32 0.05)
(0.34 0.32 0.05)
(0.36 0.32 0.05)
(0.38 0.32 0.05)
(0.4 0.32 0.05)
(0.42 0.32 0.05)
(0.44 0.32 0.05)
(0.46 0.32 0.05)
(0.48 0.32 0.05)
(0.5 0.32 0.05)
(0.52 0.32 0.05)
(0.54 0.32 0.05)
(0.56 0.32 0.05)
(0.58 0.32 0.05)
(0.6 0.32 0.05)
(0.62 0.32 0.05)
(0.64 0.32 0.05)
(0.66 0.32 0.05)
(0.68 0.32 0.05)
(0.7 0.32 0.05)
(0 0.34 0.05)
(0.02 0.34 0.05)
(0.04 0.34 0.05)
(0.06 0.34 0.05)
(0.08 0.34 0.05)
(0.1 0.34 0.05)
(0.12 0.34 0.05)
(0.14 0.34 0.05)
(0.16 0.34 0.05)
(0.18 0.34 0.05)
(0.2 0.34 0.05)
(0.22 0.34 0.05)
(0.24 0.34 0.05)
(0.26 0.34 0.05)
(0.28 0.34 0.05)
(0.3 0.34 0.05)
(0.32 0.34 0.05)
(0.34 0.34 0.05)
(0.36 0.34 0.05)
(0.38 0.34 0.05)
(0.4 0.34 0.05)
(0.42 0.34 0.05)
(0.44 0.34 0.05)
(0.46 0.34 0.05)
(0.48 0.34 0.05)
(0.5 0.34 0.05)
(0.52 0.34 0.05)
(0.54 0.34 0.05)
(0.56 0.34 0.05)
(0.58 0.34 0.05)
(0.6 0.34 0.05)
(0.62 0.34 0.05)
(0.64 0.34 0.05)
(0.66 0.34 0.05)
(0.68 0.34 0.05)
(0.7 0.34 0.05)
(0 0.36 0.05)
(0.02 0.36 0.05)
(0.04 0.36 0.05)
(0.06 0.36 0.05)
(0.08 0.36 0.05)
(0.1 0.36 0.05)
(0.12 0.36 0.05)
(0.14 0.36 0.05)
(0.16 0.36 0.05)
(0.18 0.36 0.05)
(0.2 0.36 0.05)
(0.22 0.36 0.05)
(0.24 0.36 0.05)
(0.26 0.36 0.05)
(0.28 0.36 0.05)
(0.3 0.36 0.05)
(0.32 0.36 0.05)
(0.34 0.36 0.05)
(0.36 0.36 0.05)
(0.38 0.36 0.05)
(0.4 0.36 0.05)
(0.42 0.36 0.05)
(0.44 0.36 0.05)
(0.46 0.36 0.05)
(0.48 0.36 0.05)
(0.5 0.36 0.05)
(0.52 0.36 0.05)
(0.54 0.36 0.05)
(0.56 0.36 0.05)
(0.58 0.36 0.05)
(0.6 0.36 0.05)
(0.62 0.36 0.05)
(0.64 0.36 0.05)
(0.66 0.36 0.05)
(0.68 0.36 0.05)
(0.7 0.36 0.05)
(0 0.38 0.05)
(0.02 0.38 0.05)
(0.04 0.38 0.05)
(0.06 0.38 0.05)
(0.08 0.38 0.05)
(0.1 0.38 0.05)
(0.12 0.38 0.05)
(0.14 0.38 0.05)
(0.16 0.38 0.05)
(0.18 0.38 0.05)
(0.2 0.38 0.05)
(0.22 0.38 0.05)
(0.24 0.38 0.05)
(0.26 0.38 0.05)
(0.28 0.38 0.05)
(0.3 0.38 0.05)
(0.32 0.38 0.05)
(0.34 0.38 0.05)
(0.36 0.38 0.05)
(0.38 0.38 0.05)
(0.4 0.38 0.05)
(0.42 0.38 0.05)
(0.44 0.38 0.05)
(0.46 0.38 0.05)
(0.48 0.38 0.05)
(0.5 0.38 0.05)
(0.52 0.38 0.05)
(0.54 0.38 0.05)
(0.56 0.38 0.05)
(0.58 0.38 0.05)
(0.6 0.38 0.05)
(0.62 0.38 0.05)
(0.64 0.38 0.05)
(0.66 0.38 0.05)
(0.68 0.38 0.05)
(0.7 0.38 0.05)
(0 0.4 0.05)
(0.02 0.4 0.05)
(0.04 0.4 0.05)
(0.06 0.4 0.05)
(0.08 0.4 0.05)
(0.1 0.4 0.05)
(0.12 0.4 0.05)
(0.14 0.4 0.05)
(0.16 0.4 0.05)
(0.18 0.4 0.05)
(0.2 0.4 0.05)
(0.22 0.4 0.05)
(0.24 0.4 0.05)
(0.26 0.4 0.05)
(0.28 0.4 0.05)
(0.3 0.4 0.05)
(0.32 0.4 0.05)
(0.34 0.4 0.05)
(0.36 0.4 0.05)
(0.38 0.4 0.05)
(0.4 0.4 0.05)
(0.42 0.4 0.05)
(0.44 0.4 0.05)
(0.46 0.4 0.05)
(0.48 0.4 0.05)
(0.5 0.4 0.05)
(0.52 0.4 0.05)
(0.54 0.4 0.05)
(0.56 0.4 0.05)
(0.58 0.4 0.05)
(0.6 0.4 0.05)
(0.62 0.4 0.05)
(0.64 0.4 0.05)
(0.66 0.4 0.05)
(0.68 0.4 0.05)
(0.7 0.4 0.05)
(0.72 0 -0.05)
(0.74 0 -0.05)
(0.76 0 -0.05)
(0.78 0 -0.05)
(0.8 0 -0.05)
(0.82 0 -0.05)
(0.84 0 -0.05)
(0.86 0 -0.05)
(0.88 0 -0.05)
(0.9 0 -0.05)
(0.92 0 -0.05)
(0.94 0 -0.05)
(0.96 0 -0.05)
(0.98 0 -0.05)
(1 0 -0.05)
(0.72 0.01966666667 -0.05)
(0.74 0.01933333333 -0.05)
(0.76 0.019 -0.05)
(0.78 0.01866666667 -0.05)
(0.8 0.01833333333 -0.05)
(0.82 0.018 -0.05)
(0.84 0.01766666667 -0.05)
(0.86 0.01733333333 -0.05)
(0.88 0.017 -0.05)
(0.9 0.01666666667 -0.05)
(0.92 0.01633333333 -0.05)
(0.94 0.016 -0.05)
(0.96 0.01566666667 -0.05)
(0.98 0.01533333333 -0.05)
(1 0.015 -0.05)
(0.72 0.03933333333 -0.05)
(0.74 0.03866666667 -0.05)
(0.76 0.038 -0.05)
(0.78 0.03733333333 -0.05)
(0.8 0.03666666667 -0.05)
(0.82 0.036 -0.05)
(0.84 0.03533333333 -0.05)
(0.86 0.03466666667 -0.05)
(0.88 0.034 -0.05)
(0.9 0.03333333333 -0.05)
(0.92 0.03266666667 -0.05)
(0.94 0.032 -0.05)
(0.96 0.03133333333 -0.05)
(0.98 0.03066666667 -0.05)
(1 0.03 -0.05)
(0.72 0.059 -0.05)
(0.74 0.058 -0.05)
(0.76 0.057 -0.05)
(0.78 0.056 -0.05)
(0.8 0.055 -0.05)
(0.82 0.054 -0.05)
(0.84 0.053 -0.05)
(0.86 0.052 -0.05)
(0.88 0.051 -0.05)
(0.9 0.05 -0.05)
(0.92 0.049 -0.05)
(0.94 0.048 -0.05)
(0.96 0.047 -0.05)
(0.98 0.046 -0.05)
(1 0.045 -0.05)
(0.72 0.07866666667 -0.05)
(0.74 0.07733333333 -0.05)
(0.76 0.076 -0.05)
(0.78 0.07466666667 -0.05)
(0.8 0.07333333333 -0.05)
(0.82 0.072 -0.05)
(0.84 0.07066666667 -0.05)
(0.86 0.06933333333 -0.05)
(0.88 0.068 -0.05)
(0.9 0.06666666667 -0.05)
(0.92 0.06533333333 -0.05)
(0.94 0.064 -0.05)
(0.96 0.06266666667 -0.05)
(0.98 0.06133333333 -0.05)
(1 0.06 -0.05)
(0.72 0.09833333333 -0.05)
(0.74 0.09666666667 -0.05)
(0.76 0.095 -0.05)
(0.78 0.09333333333 -0.05)
(0.8 0.09166666667 -0.05)
(0.82 0.09 -0.05)
(0.84 0.08833333333 -0.05)
(0.86 0.08666666667 -0.05)
(0.88 0.085 -0.05)
(0.9 0.08333333333 -0.05)
(0.92 0.08166666667 -0.05)
(0.94 0.08 -0.05)
(0.96 0.07833333333 -0.05)
(0.98 0.07666666667 -0.05)
(1 0.075 -0.05)
(0.72 0.118 -0.05)
(0.74 0.116 -0.05)
(0.76 0.114 -0.05)
(0.78 0.112 -0.05)
(0.8 0.11 -0.05)
(0.82 0.108 -0.05)
(0.84 0.106 -0.05)
(0.86 0.104 -0.05)
(0.88 0.102 -0.05)
(0.9 0.1 -0.05)
(0.92 0.098 -0.05)
(0.94 0.096 -0.05)
(0.96 0.094 -0.05)
(0.98 0.092 -0.05)
(1 0.09 -0.05)
(0.72 0.1376666667 -0.05)
(0.74 0.1353333333 -0.05)
(0.76 0.133 -0.05)
(0.78 0.1306666667 -0.05)
(0.8 0.1283333333 -0.05)
(0.82 0.126 -0.05)
(0.84 0.1236666667 -0.05)
(0.86 0.1213333333 -0.05)
(0.88 0.119 -0.05)
(0.9 0.1166666667 -0.05)
(0.92 0.1143333333 -0.05)
(0.94 0.112 -0.05)
(0.96 0.1096666667 -0.05)
(0.98 0.1073333333 -0.05)
(1 0.105 -0.05)
(0.72 0.1573333333 -0.05)
(0.74 0.1546666667 -0.05)
(0.76 0.152 -0.05)
(0.78 0.1493333333 -0.05)
(0.8 0.1466666667 -0.05)
(0.82 0.144 -0.05)
(0.84 0.1413333333 -0.05)
(0.86 0.1386666667 -0.05)
(0.88 0.136 -0.05)
(0.9 0.1333333333 -0.05)
(0.92 0.1306666667 -0.05)
(0.94 0.128 -0.05)
(0.96 0.1253333333 -0.05)
(0.98 0.1226666667 -0.05)
(1 0.12 -0.05)
(0.72 0.177 -0.05)
(0.74 0.174 -0.05)
(0.76 0.171 -0.05)
(0.78 0.168 -0.05)
(0.8 0.165 -0.05)
(0.82 0.162 -0.05)
(0.84 0.159 -0.05)
(0.86 0.156 -0.05)
(0.88 0.153 -0.05)
(0.9 0.15 -0.05)
(0.92 0.147 -0.05)
(0.94 0.144 -0.05)
(0.96 0.141 -0.05)
(0.98 0.138 -0.05)
(1 0.135 -0.05)
(0.72 0.1966666667 -0.05)
(0.74 0.1933333333 -0.05)
(0.76 0.19 -0.05)
(0.78 0.1866666667 -0.05)
(0.8 0.1833333333 -0.05)
(0.82 0.18 -0.05)
(0.84 0.1766666667 -0.05)
(0.86 0.1733333333 -0.05)
(0.88 0.17 -0.05)
(0.9 0.1666666667 -0.05)
(0.92 0.1633333333 -0.05)
(0.94 0.16 -0.05)
(0.96 0.1566666667 -0.05)
(0.98 0.1533333333 -0.05)
(1 0.15 -0.05)
(0.72 0.2163333333 -0.05)
(0.74 0.2126666667 -0.05)
(0.76 0.209 -0.05)
(0.78 0.2053333333 -0.05)
(0.8 0.2016666667 -0.05)
(0.82 0.198 -0.05)
(0.84 0.1943333333 -0.05)
(0.86 0.1906666667 -0.05)
(0.88 0.187 -0.05)
(0.9 0.1833333333 -0.05)
(0.92 0.1796666667 -0.05)
(0.94 0.176 -0.05)
(0.96 0.1723333333 -0.05)
(0.98 0.1686666667 -0.05)
(1 0.165 -0.05)
(0.72 0.236 -0.05)
(0.74 0.232 -0.05)
(0.76 0.228 -0.05)
(0.78 0.224 -0.05)
(0.8 0.22 -0.05)
(0.82 0.216 -0.05)
(0.84 0.212 -0.05)
(0.86 0.208 -0.05)
(0.88 0.204 -0.05)
(0.9 0.2 -0.05)
(0.92 0.196 -0.05)
(0.94 0.192 -0.05)
(0.96 0.188 -0.05)
(0.98 0.184 -0.05)
(1 0.18 -0.05)
(0.72 0.2556666667 -0.05)
(0.74 0.2513333333 -0.05)
(0.76 0.247 -0.05)
(0.78 0.2426666667 -0.05)
(0.8 0.2383333333 -0.05)
(0.82 0.234 -0.05)
(0.84 0.2296666667 -0.05)
(0.86 0.2253333333 -0.05)
(0.88 0.221 -0.05)
(0.9 0.2166666667 -0.05)
(0.92 0.2123333333 -0.05)
(0.94 0.208 -0.05)
(0.96 0.2036666667 -0.05)
(0.98 0.1993333333 -0.05)
(1 0.195 -0.05)
(0.72 0.2753333333 -0.05)
(0.74 0.2706666667 -0.05)
(0.76 0.266 -0.05)
(0.78 0.2613333333 -0.05)
(0.8 0.2566666667 -0.05)
(0.82 0.252 -0.05)
(0.84 0.2473333333 -0.05)
(0.86 0.2426666667 -0.05)
(0.88 0.238 -0.05)
(0.9 0.2333333333 -0.05)
(0.92 0.2286666667 -0.05)
(0.94 0.224 -0.05)
(0.96 0.2193333333 -0.05)
(0.98 0.2146666667 -0.05)
(1 0.21 -0.05)
(0.72 0.295 -0.05)
(0.74 0.29 -0.05)
(0.76 0.285 -0.05)
(0.78 0.28 -0.05)
(0.8 0.275 -0.05)
(0.82 0.27 -0.05)
(0.84 0.265 -0.05)
(0.86 0.26 -0.05)
(0.88 0.255 -0.05)
(0.9 0.25 -0.05)
(0.92 0.245 -0.05)
(0.94 0.24 -0.05)
(0.96 0.235 -0.05)
(0.98 0.23 -0.05)
(1 0.225 -0.05)
(0.72 0.3146666667 -0.05)
(0.74 0.3093333333 -0.05)
(0.76 0.304 -0.05)
(0.78 0.2986666667 -0.05)
(0.8 0.2933333333 -0.05)
(0.82 0.288 -0.05)
(0.84 0.2826666667 -0.05)
(0.86 0.2773333333 -0.05)
(0.88 0.272 -0.05)
(0.9 0.2666666667 -0.05)
(0.92 0.2613333333 -0.05)
(0.94 0.256 -0.05)
(0.96 0.2506666667 -0.05)
(0.98 0.2453333333 -0.05)
(1 0.24 -0.05)
(0.72 0.3343333333 -0.05)
(0.74 0.3286666667 -0.05)
(0.76 0.323 -0.05)
(0.78 0.3173333333 -0.05)
(0.8 0.3116666667 -0.05)
(0.82 0.306 -0.05)
(0.84 0.3003333333 -0.05)
(0.86 0.2946666667 -0.05)
(0.88 0.289 -0.05)
(0.9 0.2833333333 -0.05)
(0.92 0.2776666667 -0.05)
(0.94 0.272 -0.05)
(0.96 0.2663333333 -0.05)
(0.98 0.2606666667 -0.05)
(1 0.255 -0.05)
(0.72 0.354 -0.05)
(0.74 0.348 -0.05)
(0.76 0.342 -0.05)
(0.78 0.336 -0.05)
(0.8 0.33 -0.05)
(0.82 0.324 -0.05)
(0.84 0.318 -0.05)
(0.86 0.312 -0.05)
(0.88 0.306 -0.05)
(0.9 0.3 -0.05)
(0.92 0.294 -0.05)
(0.94 0.288 -0.05)
(0.96 0.282 -0.05)
(0.98 0.276 -0.05)
(1 0.27 -0.05)
(0.72 0.3736666667 -0.05)
(0.74 0.3673333333 -0.05)
(0.76 0.361 -0.05)
(0.78 0.3546666667 -0.05)
(0.8 0.3483333333 -0.05)
(0.82 0.342 -0.05)
(0.84 0.3356666667 -0.05)
(0.86 0.3293333333 -0.05)
(0.88 0.323 -0.05)
(0.9 0.3166666667 -0.05)
(0.92 0.3103333333 -0.05)
(0.94 0.304 -0.05)
(0.96 0.2976666667 -0.05)
(0.98 0.2913333333 -0.05)
(1 0.285 -0.05)
(0.72 0.3933333333 -0.05)
(0.74 0.3866666667 -0.05)
(0.76 0.38 -0.05)
(0.78 0.3733333333 -0.05)
(0.8 0.3666666667 -0.05)
(0.82 0.36 -0.05)
(0.84 0.3533333333 -0.05)
(0.86 0.3466666667 -0.05)
(0.88 0.34 -0.05)
(0.9 0.3333333333 -0.05)
(0.92 0.3266666667 -0.05)
(0.94 0.32 -0.05)
(0.96 0.3133333333 -0.05)
(0.98 0.3066666667 -0.05)
(1 0.3 -0.05)
(0.72 0 0.05)
(0.74 0 0.05)
(0.76 0 0.05)
(0.78 0 0.05)
(0.8 0 0.05)
(0.82 0 0.05)
(0.84 0 0.05)
(0.86 0 0.05)
(0.88 0 0.05)
(0.9 0 0.05)
(0.92 0 0.05)
(0.94 0 0.05)
(0.96 0 0.05)
(0.98 0 0.05)
(1 0 0.05)
(0.72 0.01966666667 0.05)
(0.74 0.01933333333 0.05)
(0.76 0.019 0.05)
(0.78 0.01866666667 0.05)
(0.8 0.01833333333 0.05)
(0.82 0.018 0.05)
(0.84 0.01766666667 0.05)
(0.86 0.01733333333 0.05)
(0.88 0.017 0.05)
(0.9 0.01666666667 0.05)
(0.92 0.01633333333 0.05)
(0.94 0.016 0.05)
(0.96 0.01566666667 0.05)
(0.98 0.01533333333 0.05)
(1 0.015 0.05)
(0.72 0.03933333333 0.05)
(0.74 0.03866666667 0.05)
(0.76 0.038 0.05)
(0.78 0.03733333333 0.05)
(0.8 0.03666666667 0.05)
(0.82 0.036 0.05)
(0.84 0.03533333333 0.05)
(0.86 0.03466666667 0.05)
(0.88 0.034 0.05)
(0.9 0.03333333333 0.05)
(0.92 0.03266666667 0.05)
(0.94 0.032 0.05)
(0.96 0.03133333333 0.05)
(0.98 0.03066666667 0.05)
(1 0.03 0.05)
(0.72 0.059 0.05)
(0.74 0.058 0.05)
(0.76 0.057 0.05)
(0.78 0.056 0.05)
(0.8 0.055 0.05)
(0.82 0.054 0.05)
(0.84 0.053 0.05)
(0.86 0.052 0.05)
(0.88 0.051 0.05)
(0.9 0.05 0.05)
(0.92 0.049 0.05)
(0.94 0.048 0.05)
(0.96 0.047 0.05)
(0.98 0.046 0.05)
(1 0.045 0.05)
(0.72 0.07866666667 0.05)
(0.74 0.07733333333 0.05)
(0.76 0.076 0.05)
(0.78 0.07466666667 0.05)
(0.8 0.07333333333 0.05)
(0.82 0.072 0.05)
(0.84 0.07066666667 0.05)
(0.86 0.06933333333 0.05)
(0.88 0.068 0.05)
(0.9 0.06666666667 0.05)
(0.92 0.06533333333 0.05)
(0.94 0.064 0.05)
(0.96 0.06266666667 0.05)
(0.98 0.06133333333 0.05)
(1 0.06 0.05)
(0.72 0.09833333333 0.05)
(0.74 0.09666666667 0.05)
(0.76 0.095 0.05)
(0.78 0.09333333333 0.05)
(0.8 0.09166666667 0.05)
(0.82 0.09 0.05)
(0.84 0.08833333333 0.05)
(0.86 0.08666666667 0.05)
(0.88 0.085 0.05)
(0.9 0.08333333333 0.05)
(0.92 0.08166666667 0.05)
(0.94 0.08 0.05)
(0.96 0.07833333333 0.05)
(0.98 0.07666666667 0.05)
(1 0.075 0.05)
(0.72 0.118 0.05)
(0.74 0.116 0.05)
(0.76 0.114 0.05)
(0.78 0.112 0.05)
(0.8 0.11 0.05)
(0.82 0.108 0.05)
(0.84 0.106 0.05)
(0.86 0.104 0.05)
(0.88 0.102 0.05)
(0.9 0.1 0.05)
(0.92 0.098 0.05)
(0.94 0.096 0.05)
(0.96 0.094 0.05)
(0.98 0.092 0.05)
(1 0.09 0.05)
(0.72 0.1376666667 0.05)
(0.74 0.1353333333 0.05)
(0.76 0.133 0.05)
(0.78 0.1306666667 0.05)
(0.8 0.1283333333 0.05)
(0.82 0.126 0.05)
(0.84 0.1236666667 0.05)
(0.86 0.1213333333 0.05)
(0.88 0.119 0.05)
(0.9 0.1166666667 0.05)
(0.92 0.1143333333 0.05)
(0.94 0.112 0.05)
(0.96 0.1096666667 0.05)
(0.98 0.1073333333 0.05)
(1 0.105 0.05)
(0.72 0.1573333333 0.05)
(0.74 0.1546666667 0.05)
(0.76 0.152 0.05)
(0.78 0.1493333333 0.05)
(0.8 0.1466666667 0.05)
(0.82 0.144 0.05)
(0.84 0.1413333333 0.05)
(0.86 0.1386666667 0.05)
(0.88 0.136 0.05)
(0.9 0.1333333333 0.05)
(0.92 0.1306666667 0.05)
(0.94 0.128 0.05)
(0.96 0.1253333333 0.05)
(0.98 0.1226666667 0.05)
(1 0.12 0.05)
(0.72 0.177 0.05)
(0.74 0.174 0.05)
(0.76 0.171 0.05)
(0.78 0.168 0.05)
(0.8 0.165 0.05)
(0.82 0.162 0.05)
(0.84 0.159 0.05)
(0.86 0.156 0.05)
(0.88 0.153 0.05)
(0.9 0.15 0.05)
(0.92 0.147 0.05)
(0.94 0.144 0.05)
(0.96 0.141 0.05)
(0.98 0.138 0.05)
(1 0.135 0.05)
(0.72 0.1966666667 0.05)
(0.74 0.1933333333 0.05)
(0.76 0.19 0.05)
(0.78 0.1866666667 0.05)
(0.8 0.1833333333 0.05)
(0.82 0.18 0.05)
(0.84 0.1766666667 0.05)
(0.86 0.1733333333 0.05)
(0.88 0.17 0.05)
(0.9 0.1666666667 0.05)
(0.92 0.1633333333 0.05)
(0.94 0.16 0.05)
(0.96 0.1566666667 0.05)
(0.98 0.1533333333 0.05)
(1 0.15 0.05)
(0.72 0.2163333333 0.05)
(0.74 0.2126666667 0.05)
(0.76 0.209 0.05)
(0.78 0.2053333333 0.05)
(0.8 0.2016666667 0.05)
(0.82 0.198 0.05)
(0.84 0.1943333333 0.05)
(0.86 0.1906666667 0.05)
(0.88 0.187 0.05)
(0.9 0.1833333333 0.05)
(0.92 0.1796666667 0.05)
(0.94 0.176 0.05)
(0.96 0.1723333333 0.05)
(0.98 0.1686666667 0.05)
(1 0.165 0.05)
(0.72 0.236 0.05)
(0.74 0.232 0.05)
(0.76 0.228 0.05)
(0.78 0.224 0.05)
(0.8 0.22 0.05)
(0.82 0.216 0.05)
(0.84 0.212 0.05)
(0.86 0.208 0.05)
(0.88 0.204 0.05)
(0.9 0.2 0.05)
(0.92 0.196 0.05)
(0.94 0.192 0.05)
(0.96 0.188 0.05)
(0.98 0.184 0.05)
(1 0.18 0.05)
(0.72 0.2556666667 0.05)
(0.74 0.2513333333 0.05)
(0.76 0.247 0.05)
(0.78 0.2426666667 0.05)
(0.8 0.2383333333 0.05)
(0.82 0.234 0.05)
(0.84 0.2296666667 0.05)
(0.86 0.2253333333 0.05)
(0.88 0.221 0.05)
(0.9 0.2166666667 0.05)
(0.92 0.2123333333 0.05)
(0.94 0.208 0.05)
(0.96 0.2036666667 0.05)
(0.98 0.1993333333 0.05)
(1 0.195 0.05)
(0.72 0.2753333333 0.05)
(0.74 0.2706666667 0.05)
(0.76 0.266 0.05)
(0.78 0.2613333333 0.05)
(0.8 0.2566666667 0.05)
(0.82 0.252 0.05)
(0.84 0.2473333333 0.05)
(0.86 0.2426666667 0.05)
(0.88 0.238 0.05)
(0.9 0.2333333333 0.05)
(0.92 0.2286666667 0.05)
(0.94 0.224 0.05)
(0.96 0.2193333333 0.05)
(0.98 0.2146666667 0.05)
(1 0.21 0.05)
(0.72 0.295 0.05)
(0.74 0.29 0.05)
(0.76 0.285 0.05)
(0.78 0.28 0.05)
(0.8 0.275 0.05)
(0.82 0.27 0.05)
(0.84 0.265 0.05)
(0.86 0.26 0.05)
(0.88 0.255 0.05)
(0.9 0.25 0.05)
(0.92 0.245 0.05)
(0.94 0.24 0.05)
(0.96 0.235 0.05)
(0.98 0.23 0.05)
(1 0.225 0.05)
(0.72 0.3146666667 0.05)
(0.74 0.3093333333 0.05)
(0.76 0.304 0.05)
(0.78 0.2986666667 0.05)
(0.8 0.2933333333 0.05)
(0.82 0.288 0.05)
(0.84 0.2826666667 0.05)
(0.86 0.2773333333 0.05)
(0.88 0.272 0.05)
(0.9 0.2666666667 0.05)
(0.92 0.2613333333 0.05)
(0.94 0.256 0.05)
(0.96 0.2506666667 0.05)
(0.98 0.2453333333 0.05)
(1 0.24 0.05)
(0.72 0.3343333333 0.05)
(0.74 0.3286666667 0.05)
(0.76 0.323 0.05)
(0.78 0.3173333333 0.05)
(0.8 0.3116666667 0.05)
(0.82 0.306 0.05)
(0.84 0.3003333333 0.05)
(0.86 0.2946666667 0.05)
(0.88 0.289 0.05)
(0.9 0.2833333333 0.05)
(0.92 0.2776666667 0.05)
(0.94 0.272 0.05)
(0.96 0.2663333333 0.05)
(0.98 0.2606666667 0.05)
(1 0.255 0.05)
(0.72 0.354 0.05)
(0.74 0.348 0.05)
(0.76 0.342 0.05)
(0.78 0.336 0.05)
(0.8 0.33 0.05)
(0.82 0.324 0.05)
(0.84 0.318 0.05)
(0.86 0.312 0.05)
(0.88 0.306 0.05)
(0.9 0.3 0.05)
(0.92 0.294 0.05)
(0.94 0.288 0.05)
(0.96 0.282 0.05)
(0.98 0.276 0.05)
(1 0.27 0.05)
(0.72 0.3736666667 0.05)
(0.74 0.3673333333 0.05)
(0.76 0.361 0.05)
(0.78 0.3546666667 0.05)
(0.8 0.3483333333 0.05)
(0.82 0.342 0.05)
(0.84 0.3356666667 0.05)
(0.86 0.3293333333 0.05)
(0.88 0.323 0.05)
(0.9 0.3166666667 0.05)
(0.92 0.3103333333 0.05)
(0.94 0.304 0.05)
(0.96 0.2976666667 0.05)
(0.98 0.2913333333 0.05)
(1 0.285 0.05)
(0.72 0.3933333333 0.05)
(0.74 0.3866666667 0.05)
(0.76 0.38 0.05)
(0.78 0.3733333333 0.05)
(0.8 0.3666666667 0.05)
(0.82 0.36 0.05)
(0.84 0.3533333333 0.05)
(0.86 0.3466666667 0.05)
(0.88 0.34 0.05)
(0.9 0.3333333333 0.05)
(0.92 0.3266666667 0.05)
(0.94 0.32 0.05)
(0.96 0.3133333333 0.05)
(0.98 0.3066666667 0.05)
(1 0.3 0.05)
)


// ************************************************************************* //
